101.4533011071014 106.41163007209393 111.60109412577273 112.65309918448472 109.87971563989723 107.1048863749583 106.88238942717513 108.01388406851677 111.15556250974501 109.39580581577621 106.3035902537528 103.29469769565736 102.55503783189175 105.39765090107839 110.5807139574598 114.67246289077312
101.01396127888121 106.03917575009481 111.35222810421222 112.56570905916927 109.96710576521268 107.35375239651881 107.25484374917424 108.45322389673696 110.92607361645888 109.6784577698587 106.8670997779171 103.43526788842176 102.0823125403454 105.06764967899984 111.33153915870827 116.5010923402579
100.20216712866193 105.35096990031411 110.89238365689765 112.40423316292419 110.12858166145776 107.81359684383338 107.94304959895494 109.26501804695624 110.50203343356748 110.20073048026096 107.90832960941827 103.69500773637418 101.2088300976252 104.45788692943569 112.71888323056253 119.87995898211062
99.1415069568821 104.45178562477936 110.29156793243239 112.19325473717015 110.3395600872118 108.41441256829864 108.8422338744897 110.32567821873607 109.94799823498215 110.88311266123816 109.26876194518215 104.03437420221144 100.0675702874972 103.66119350349399 114.5315356143881 124.29466099961164
97.99345665978683 103.478515578315 109.64124967845818 111.96489333470402 110.56792148967793 109.06473082227285 109.81550392095406 111.47372851583134 109.34831485734594 111.62171781154643 110.74128329443855 104.40170181787451 98.83227957050752 102.79885875323046 116.49353641648233 129.07310002996982
96.93279648800701 102.57933130278025 109.04043395399292 111.75391490894998 110.77889991543196 109.66554654673811 110.71468819648881 112.53438868761116 108.79427965876063 112.30409999252363 112.10171563020242 104.74106828371175 97.69101976037952 102.00216532728876 118.30618880030791 133.4878020474708
96.12100233778771 101.89112545299955 108.58058950667835 111.5924390127049 110.94037581167704 110.12539099405268 111.40289404626951 113.34618283783045 108.37023947586921 112.8263727029259 113.14294546170359 105.00080813166419 96.81753731765933 101.39240257772461 119.69353287216217 136.86666868932357
95.68166250956753 101.51867113100043 108.33172348511783 111.50504888738945 111.0277659369925 110.3742570156132 111.77534836826862 113.78552266605064 108.14075058258308 113.10902465700838 113.7064549858679 105.14137832442859 96.34481202611298 101.06240135564606 120.44435807341063 138.69529813880837
112.95239713818718 91.99565832324629 119.67031503457467 115.10906978469862 105.25708735062837 122.34135301796469 113.99267362421449 114.68144572648595 115.6094671109558 110.25294514491985 115.3356766762983 108.43245667045234 94.92141730806803 113.18960915138874 136.89952995546037 132.71441983859108
113.39173696640736 92.3681126452454 119.91918105613519 115.19645991001407 105.16969722531292 122.09248699640418 113.62021930221538 114.24210589826576 115.98962481920513 110.40379370623442 115.60565209415364 109.40820312014144 96.51045924206788 114.35309531548694 136.58220526960898 131.0364592040695
114.20353111662666 93.0563184950261 120.37902550344975 115.35793580625915 105.00822132906784 121.63264254908961 112.93201345243467 113.43031174804648 116.69206467076104 110.68252550284903 116.10450161982914 111.21114746771806 99.44662588031713 116.50293742222775 135.99586570477157 127.93599223088124
115.26419128840648 93.95550277056086 120.97984122791502 115.56891423201319 104.7972429033138 121.03182682462435 112.03282917689992 112.36965157626665 117.60984656585724 111.04670614543916 116.75627993512289 113.56680777999487 103.28291246855919 119.31184149922707 135.22977614451338 123.88503690989113
116.41224158550175 94.92877281702522 121.63015948188922 115.79727563447932 104.56888150084767 120.38150857065014 111.05955913043556 111.22160127917138 118.60324653067896 111.44089243247619 117.46175969991656 116.11655612854166 107.43527914975873 122.35217736354066 134.40056677976435 119.50031446671845
117.47290175728156 95.82795709255997 122.23097520635449 116.00825406023336 104.35790307509363 119.78069284618488 110.16037485490081 110.16094110739157 119.52102842577514 111.8050730750663 118.1135380152103 118.47221644081847 111.27156573800079 125.16108144053997 133.63447721950615 115.44935914572832
118.28469590750086 96.51616294234067 122.69081965366905 116.16972995647843 104.19642717884855 119.32084839887031 109.47216900512011 109.34914695717227 120.22346827733107 112.08380487168093 118.6123875408858 120.2751607883951 114.20773237625004 127.3109235472808 133.04813765466875 112.34889217254009
118.72403573572105 96.88861726433979 122.93968567522957 116.25712008179389 104.1090370535331 119.0719823773098 109.099714683121 108.90980712895208 120.6036259855804 112.2346534329955 118.88236295874114 121.2509072380842 115.79677431024989 128.474409711379 132.73081296881736 110.67093153801851
109.85901522920265 97.98176618128737 116.10282469240997 108.12734115147202 112.46074412504417 126.24202564312434 108.49708516538018 118.37660117648302 118.72904986326354 124.43020737677662 117.09972185637999 105.70940093608884 116.28579073382933 137.01357064090064 132.63395886926543 110.39018123176513
110.01522512135254 98.38748748468872 116.3041276445659 107.27166122567564 110.30548492550297 123.59544696649853 106.44605699075416 117.14074781397615 116.51528146763998 121.94855877131766 116.1513391999748 107.14368283756055 117.54529238467013 135.56745594137445 129.40740161980824 107.29773317970118
110.13664539181555 99.08380653801014 116.83312002955218 106.1224906444436 107.05254021094385 119.70954896242588 103.87098201866587 116.18578130145109 113.87254923570623 118.30291830222804 114.62048307892667 109.50748660114495 119.58614435576438 133.11691092569714 124.38534945115723 103.03141264732885
109.96830897866626 99.8892580683062 117.83134579330768 105.46560699172008 104.228746492821 116.59627808193693 102.88178102661695 117.53600050696043 113.25065302629675 115.37744780765027 113.05349828277178 112.03590864570968 121.69260954882104 130.3482946806118 119.66151040550996 100.28819609435973
109.36862560103005 100.62786321861448 119.30386714256407 105.83293460738315 102.99345577583132 115.7339433316734 104.84378182871117 122.31443953731862 116.19204928873116 114.55737188877549 111.91047057140685 114.05761601351496 123.25759411169405 127.90463046129841 116.89489439370647 100.93349176260358
108.42889161700872 101.18717605027283 121.02650605033632 107.16855119178119 103.53472987369817 117.25382736027895 109.45828758841122 129.79362436681123 122.2489371058773 115.96753967024573 111.36541555231523 115.26482208463533 124.04284333130634 126.15794399327628 116.5066936241072 104.8690592361901
107.45939098076286 101.53540241775592 122.57997332835238 108.83720146891807 105.0407097028169 119.9201998652233 114.80805070420803 137.50632416304185 129.0514318244593 118.45341765268711 111.27978638178284 115.76014429975073 124.2152137539316 125.15262592811474 117.61615990698716 110.04796565433351
106.84420330204074 101.69498502251953 123.50568942452506 109.97402178024325 106.2505183192654 121.906776097692 118.360729281331 142.39943642451823 133.5164474553914 120.30740732327615 111.35333350244092 115.87321022777807 124.15349943132803 124.72844100565179 118.72524093357798 113.6343016288252
108.98183125785314 101.51012786100075 113.7521839227693 117.64434504497375 101.99169534033153 111.11033316068928 139.27359799442002 149.09140727409672 137.15174735416556 116.70508531437828 109.43039304277973 122.82146008885927 129.23396984665462 118.6869484272775 111.49981228749749 115.11506178225359
109.26542451983366 102.20889251333325 114.01282173537676 117.53976983775793 103.28849135236814 113.65572450890349 139.7809247964188 146.1374435069758 133.32311790468077 115.12583298838362 110.58882138960448 125.2941853804056 131.09339965389015 118.95186602785937 110.38873320866882 113.34455067553972
109.78943654043753 103.50004123399799 114.49441761630987 117.34654005064833 105.68465793909397 118.35899444659633 140.71834249374098 140.67923017852996 127.11582413808183 112.56691604127556 112.37015701442243 128.996094947872 133.66208693068398 119.08220907161203 108.69488762301275 110.94016373368494
110.47409123970856 105.18700833456607 115.1236529583741 117.09407316709998 108.81540045898416 124.50411276100223 141.94313773968182 133.547730789188 120.70112212058082 109.9258365327038 113.99527756511031 132.13735475799996 135.3227204648467 118.55020386059434 107.18407831728936 109.49419893227027
111.21515614609305 107.01296836637086 115.8047323847727 116.82080498151511 112.20409174363706 131.15554089438913 143.26884656084334 125.82865147377427 115.92268309022263 107.96383573060957 114.85761231537384 133.3726454749897 134.9553928491837 117.07768251133794 106.44547316698109 110.09388230990648
111.89981084536407 108.69993546693894 116.43396772683691 116.56833809796674 115.33483426352726 137.30065920879503 144.49364180678418 118.69715208443228 113.50798107272163 106.97961047153018 114.82587861656937 132.51390528511766 132.6160263833464 114.8888230508279 106.59151811075009 112.64791750849179
112.42382286596796 109.99108418760368 116.91556360777004 116.37510831085716 117.73100085025308 142.00392914648788 145.43105950410637 113.23893875598638 112.95754155561508 106.76383927492975 114.26406849087968 130.5589606030917 129.52785941064784 112.67602034407291 107.24081827560163 115.90038481612939
112.70741612794848 110.68984883993618 117.1762014203775 116.27053310364134 119.02779686228969 144.5493204947021 145.93838630610514 110.28497498886553 113.1289121061303 106.84144119842746 113.76564258821206 129.03168589463803 127.38728921788338 111.28408369516241 107.78659344626533 118.12987370941552
118.92893735865603 102.17680893147137 107.41259766267322 121.54914832073156 128.96750578482826 143.45723448114154 140.6626378419691 112.20065147466347 128.39596592697507 115.43490724404815 117.96305139661749 133.80165644104784 131.52548656196356 111.48106798992393 105.73393352408844 116.95288720306735
117.73810391197422 101.66212851074833 109.26483301345381 125.60382050636669 131.88454173425993 142.92276295631623 138.38140473641732 110.43189740143146 126.59336549508747 115.28770609146254 118.21583467065449 132.96470383665056 130.6885339575663 111.7338512639609 105.58673237150285 115.15028677117976
116.40482162123477 101.07028395197432 112.32815681920741 132.22878678776993 136.4074303475201 141.57602749711705 134.5253964404111 108.03075703412041 123.2625942064536 115.01571382739073 118.68291725674241 131.41821707488123 129.14204719579698 112.20093385004886 105.31474010743102 111.81951548254588
116.35832248847423 100.99930837523075 115.62827564851503 139.189204244561 140.6213509738217 139.1141262179276 130.18958541330738 106.58903408676726 118.910731796251 114.66033880842161 119.2931900652636 129.39763474628185 127.12146486719757 112.81120665857003 104.95936508846191 107.46765307234328
118.47277659043867 101.81916802288819 118.30361547105974 144.55832140998592 143.01768139179708 135.55270041710708 126.39322043396461 107.19330881415446 114.20030986670206 114.2756836597107 119.9537445932575 127.2105721937572 124.93440231467292 113.47176118656391 104.57470993975097 102.75723114279437
122.42627745767813 103.40504669563698 119.946880050875 147.518738866777 143.23160201809867 131.4339448884252 123.71426365635328 109.75158586680129 109.84844745649946 113.92030864074158 120.56401740177868 125.18998986515781 122.91381998607353 114.0820339950851 104.21933492078188 98.40536873259177
126.74984941643106 105.15634788737061 120.66705810612096 148.48685089868786 142.09763638186644 127.74406367871843 122.20140111085466 113.00729974898263 106.51767616786559 113.64831637666977 121.03109998786661 123.6435031033885 121.36733322430422 114.54911658117305 103.94734265671005 95.07459744395788
129.55901596974923 106.29852171613994 120.86243920740918 148.541523084323 141.0146723312981 125.55273790440074 121.57702225479532 115.23854567575061 104.71507573597799 113.50111522408416 121.28388326190361 122.8065504989912 120.53038061990692 114.80189985521002 103.80014150412445 93.2719970120703
120.84362109009341 97.64837048131152 122.89132974943107 147.5740907802098 129.12964156916038 128.41848246716106 134.71957823016368 110.13040748860364 112.20932334754905 109.85909880343765 135.5812961794183 123.37611981164997 114.05566697244079 115.84233287458302 94.71727214256116 106.3588898683603
122.88545825316142 99.42757820826237 124.18526155505468 148.23397903928102 129.10324603879755 127.75804339024577 133.5738632319212 108.72206305424397 112.20932334754905 109.85909880343765 135.5812961794183 123.37611981164997 114.05566697244079 115.84233287458302 94.71727214256116 106.3588898683603
125.91037602307591 102.0810818677416 126.15248142509986 149.30452592665662 129.2032410835187 126.96136545229736 132.09090150453872 106.86768721642625 112.20932334754905 109.85909880343765 135.5812961794183 123.37611981164997 114.05566697244079 115.84233287458302 94.71727214256116 106.3588898683603
128.40016019044597 104.30823659899453 127.89436023502554 150.4123611900299 129.6247925574579 126.74887337968417 131.3931335105983 105.90728978636865 112.20932334754905 109.85909880343765 135.5812961794183 123.37611981164997 114.05566697244079 115.84233287458302 94.71727214256116 106.3588898683603
129.22785832829481 105.13593473684337 128.7220583728744 151.24005932787873 130.45249069530672 127.57657151753298 132.2208316484471 106.73498792421749 112.20932334754905 109.85909880343765 135.5812961794183 123.37611981164997 114.05566697244079 115.84233287458302 94.71727214256116 106.3588898683603
128.26746089823723 104.43816674290294 128.50956630026116 151.66161080181794 131.56032595868 129.3184503274587 134.44798637970004 109.22477209158754 112.20932334754905 109.85909880343765 135.5812961794183 123.37611981164997 114.05566697244079 115.84233287458302 94.71727214256116 106.3588898683603
126.41308506041949 102.95520501552046 127.71288836231277 151.76160584653908 132.6308728460556 131.28567019750383 137.10149003917925 112.24968986150208 112.20932334754905 109.85909880343765 135.5812961794183 123.37611981164997 114.05566697244079 115.84233287458302 94.71727214256116 106.3588898683603
125.00474062605986 101.80949001727795 127.0524492853975 151.73521031617625 133.29076110512685 132.5796020031275 138.88069776613014 114.29152702457006 112.20932334754905 109.85909880343765 135.5812961794183 123.37611981164997 114.05566697244079 115.84233287458302 94.71727214256116 106.3588898683603
131.13379005898955 96.30589681197299 143.1474070730311 133.89053148861083 152.23518965582824 141.14332201766769 135.7256131692613 123.06272786850442 115.85049715127681 118.54112801127908 126.67877035252837 131.9015578478692 123.29638817291584 108.97676116276062 106.44781861729783 113.59603497180404
131.25638352285551 96.36160476961793 143.07952673023743 133.66117524957207 151.8310531661586 140.57770963175295 135.03641248290796 122.30664167593007 113.53539770937957 116.27271181128621 124.61923394767874 130.3547091853832 122.6106035504948 109.36932768357092 107.84923378649654 115.60979678377484
131.48290670702644 96.46453965335024 142.95410021150363 133.2373801797688 151.08430630386513 139.53259421839002 133.7629356670789 120.90957655966238 110.00555708662966 112.71526876105777 121.23736123919073 127.64527317228185 121.19467117253807 109.67104167770563 109.8046678226912 118.58283806919576
131.77887351015002 96.59903056022875 142.79022256731264 132.68366523686657 150.10863450945484 138.1670851252685 132.0990580228879 119.08422301922633 106.85605941962514 109.30706029935901 117.6471494223984 124.39612607369669 119.05376471489505 109.2368321923827 111.11975063725531 121.00484234317854
132.09922566939647 96.74460246884428 142.61284268343803 132.0843285014839 149.0525749691399 136.68906873344548 130.2980898385747 117.10847458428222 105.31429253534436 107.2009988155494 114.81883005437413 121.25068870702076 116.36505015315139 107.70914933230685 110.96022924637442 121.7591760530883
132.39519247252005 96.87909337572279 142.44896503924704 131.53061355858168 148.0769031747296 135.32355964032396 128.6342121943837 115.28312104384618 105.6149764657675 106.71771307904399 113.18298912012068 118.68782539786967 113.5378599060743 105.32056896444504 109.35038933574518 120.73099872964342
132.62171565669098 96.9820282594551 142.32353852051324 131.1068184887784 147.33015631243615 134.27844422696103 127.36073537855464 113.88605592757848 106.96442945074985 107.29673541567725 112.56501421962628 116.94894122742278 111.15137568546311 102.85838515058616 107.16935798507814 118.82474640733209
132.74430912055695 97.03773621710005 142.25565817771957 130.87746224973964 146.9260198227665 133.7128318410463 126.67153469220132 113.12996973500412 108.09951160628026 107.95324194087775 112.45984869731552 116.08837635437084 109.779307273608 101.29658078885757 105.64585042908348 117.38832662187522
130.6566353039551 103.10797345060152 133.46168158698327 141.69975659869016 136.6158872456606 142.90771606182145 120.8448679725268 115.34995992362715 103.95119668164085 106.35927579969005 113.5760968615738 118.1356604684676 111.70321999556602 104.26278360245982 111.47960466434355 125.88768378239277
130.29640485407594 102.96368919493516 133.5937934575009 141.95322427339653 136.69457466973608 142.54209588921802 119.95567507286222 114.11104981730765 104.41832256094011 106.165200143629 112.94835580968551 117.9709788400355 112.50139435270647 105.52401738305646 112.30717304911296 126.05405063180186
129.6307857748146 102.6970866535876 133.83790436384697 142.42157146702553 136.8399700708749 141.86651790093495 118.31266083195325 111.82184243760769 105.28145863892199 105.80659509084197 111.7884415905721 117.66668686825741 113.97622825658132 107.85447353426663 113.83632003399676 126.36145648591675
128.76111253713657 102.34875364672097 134.15685063340115 143.03349656492492 137.02993831726621 140.9838327215586 116.16595927401711 108.83084885637003 106.40920027206174 105.3380550098529 110.27294062944503 117.26911024742296 115.90319161472826 110.89936123270618 115.8342468522983 126.76310159008948
127.81978500787086 101.97172071698408 134.50207558787892 143.6958395180544 137.23555846546344 140.02842116808796 113.8423862513515 105.59342073291377 107.62985901971724 104.83091088066598 108.6325742095855 116.83877641401315 117.98892172383574 114.1951239282634 117.9967872571829 127.19783911813165
126.95011177019283 101.62338771011744 134.8210218574331 144.30776461595377 137.42552671185473 139.1457359887116 111.69568469341536 102.60242715167612 108.75760065285701 104.3623707996769 107.11707324845841 116.4411997931787 119.91588508198268 117.24001162670294 119.99471407548445 127.59948422230438
126.28449269093146 101.35678516876989 135.06513276377916 144.7761118095828 137.57092211299357 138.47015800042854 110.05267045250639 100.31321977197615 109.62073673083887 104.00376574688988 105.95715902934502 116.13690782140061 121.39071898585753 119.57046777791312 121.52386106036825 127.90689007641927
125.9242622410523 101.21250091310353 135.1972446342968 145.02957948428917 137.64960953706907 138.1045378278251 109.16347755284181 99.07430966565664 110.08786261013813 103.80969009082882 105.32941797745673 115.9722261929685 122.18889334299799 120.83170155850976 122.35142944513765 128.07325692582836
