1264.0 0.0 0.0 0.0 0.0 0.0 0.0 0.0 1232.0 99.0 -80.0 32.0 -24.0 0.0 0.0 0.0 816.0 -44.0 -20.0 0.0 0.0 0.0 0.0 0.0 928.0 -66.0 -10.0 0.0 0.0 0.0 0.0 0.0 1040.0 -11.0 0.0 0.0 0.0 0.0 0.0 0.0 1056.0 0.0 0.0 0.0 0.0 0.0 0.0 0.0 1040.0 11.0 0.0 0.0 0.0 0.0 0.0 0.0 1040.0 -11.0 0.0 0.0 0.0 0.0 0.0 0.0 1040.0 11.0 0.0 0.0 0.0 0.0 0.0 0.0 992.0 44.0 -20.0 0.0 0.0 0.0 0.0 0.0 1120.0 -143.0 -40.0 0.0 0.0 0.0 0.0 0.0 1248.0 11.0 0.0 0.0 0.0 0.0 0.0 0.0 1296.0 -88.0 60.0 -16.0 0.0 0.0 0.0 0.0 1232.0 275.0 60.0 -16.0 0.0 0.0 0.0 0.0 992.0 -11.0 0.0 0.0 0.0 0.0 0.0 0.0 736.0 143.0 30.0 0.0 0.0 0.0 0.0 0.0
-12.0 12.0 0.0 0.0 0.0 0.0 0.0 0.0 12.0 -12.0 -14.0 0.0 0.0 0.0 0.0 0.0 12.0 0.0 0.0 0.0 0.0 0.0 0.0 0.0 12.0 0.0 0.0 0.0 0.0 0.0 0.0 0.0 12.0 0.0 0.0 0.0 0.0 0.0 0.0 0.0 12.0 0.0 0.0 0.0 0.0 0.0 0.0 0.0 12.0 0.0 -14.0 0.0 0.0 0.0 0.0 0.0 12.0 0.0 0.0 0.0 0.0 0.0 0.0 0.0 12.0 0.0 0.0 0.0 0.0 0.0 0.0 0.0 -12.0 12.0 0.0 0.0 0.0 0.0 0.0 0.0 24.0 24.0 -28.0 -19.0 0.0 0.0 0.0 0.0 -12.0 0.0 0.0 0.0 0.0 0.0 0.0 0.0 72.0 -84.0 42.0 0.0 -26.0 0.0 0.0 0.0 -120.0 -48.0 126.0 95.0 0.0 0.0 0.0 0.0 0.0 12.0 0.0 0.0 0.0 0.0 0.0 0.0 204.0 -48.0 -56.0 -19.0 0.0 0.0 0.0 0.0
14.0 0.0 0.0 0.0 0.0 0.0 0.0 0.0 0.0 -13.0 0.0 0.0 0.0 0.0 0.0 0.0 0.0 0.0 0.0 0.0 0.0 0.0 0.0 0.0 0.0 0.0 0.0 0.0 0.0 0.0 0.0 0.0 0.0 0.0 0.0 0.0 0.0 0.0 0.0 0.0 0.0 0.0 0.0 0.0 0.0 0.0 0.0 0.0 0.0 0.0 0.0 0.0 0.0 0.0 0.0 0.0 0.0 0.0 0.0 0.0 0.0 0.0 0.0 0.0 0.0 0.0 0.0 0.0 0.0 0.0 0.0 0.0 0.0 0.0 0.0 0.0 0.0 0.0 0.0 0.0 0.0 13.0 0.0 0.0 0.0 0.0 0.0 0.0 -14.0 0.0 0.0 0.0 0.0 0.0 0.0 0.0 14.0 0.0 -16.0 24.0 -40.0 0.0 0.0 0.0 0.0 -52.0 -64.0 24.0 40.0 0.0 0.0 0.0 0.0 0.0 0.0 0.0 0.0 0.0 0.0 0.0 14.0 -117.0 32.0 24.0 0.0 0.0 0.0 0.0
0.0 0.0 0.0 0.0 0.0 0.0 0.0 0.0 0.0 0.0 0.0 0.0 0.0 0.0 0.0 0.0 0.0 0.0 0.0 0.0 0.0 0.0 0.0 0.0 0.0 0.0 0.0 0.0 0.0 0.0 0.0 0.0 0.0 0.0 0.0 0.0 0.0 0.0 0.0 0.0 0.0 0.0 0.0 0.0 0.0 0.0 0.0 0.0 14.0 0.0 0.0 0.0 0.0 0.0 0.0 0.0 0.0 0.0 0.0 0.0 0.0 0.0 0.0 0.0 0.0 0.0 0.0 0.0 0.0 0.0 0.0 0.0 0.0 0.0 0.0 0.0 0.0 0.0 0.0 0.0 0.0 0.0 0.0 0.0 0.0 0.0 0.0 0.0 0.0 0.0 0.0 0.0 0.0 0.0 0.0 0.0 0.0 0.0 0.0 0.0 0.0 0.0 0.0 0.0 0.0 17.0 0.0 -29.0 0.0 0.0 0.0 0.0 0.0 0.0 0.0 0.0 0.0 0.0 0.0 0.0 28.0 0.0 66.0 -29.0 0.0 0.0 0.0 0.0
0.0 0.0 0.0 0.0 0.0 0.0 0.0 0.0 0.0 0.0 0.0 0.0 0.0 0.0 0.0 0.0 0.0 0.0 0.0 0.0 0.0 0.0 0.0 0.0 0.0 0.0 0.0 0.0 0.0 0.0 0.0 0.0 0.0 0.0 0.0 0.0 0.0 0.0 0.0 0.0 0.0 0.0 0.0 0.0 0.0 0.0 0.0 0.0 0.0 0.0 0.0 0.0 0.0 0.0 0.0 0.0 0.0 0.0 0.0 0.0 0.0 0.0 0.0 0.0 0.0 0.0 0.0 0.0 0.0 0.0 0.0 0.0 0.0 0.0 0.0 0.0 0.0 0.0 0.0 0.0 0.0 0.0 0.0 0.0 0.0 0.0 0.0 0.0 0.0 0.0 0.0 0.0 0.0 0.0 0.0 0.0 0.0 0.0 0.0 0.0 0.0 0.0 0.0 0.0 0.0 0.0 0.0 0.0 0.0 0.0 0.0 0.0 0.0 0.0 0.0 0.0 0.0 0.0 0.0 0.0 0.0 -22.0 0.0 -56.0 0.0 0.0 0.0 0.0
0.0 0.0 0.0 0.0 0.0 0.0 0.0 0.0 0.0 0.0 0.0 0.0 0.0 0.0 0.0 0.0 0.0 0.0 0.0 0.0 0.0 0.0 0.0 0.0 0.0 0.0 0.0 0.0 0.0 0.0 0.0 0.0 0.0 0.0 0.0 0.0 0.0 0.0 0.0 0.0 0.0 0.0 0.0 0.0 0.0 0.0 0.0 0.0 0.0 0.0 0.0 0.0 0.0 0.0 0.0 0.0 0.0 0.0 0.0 0.0 0.0 0.0 0.0 0.0 0.0 0.0 0.0 0.0 0.0 0.0 0.0 0.0 0.0 0.0 0.0 0.0 0.0 0.0 0.0 0.0 0.0 0.0 0.0 0.0 0.0 0.0 0.0 0.0 0.0 0.0 0.0 0.0 0.0 0.0 0.0 0.0 0.0 0.0 0.0 0.0 0.0 0.0 0.0 0.0 0.0 0.0 0.0 0.0 0.0 0.0 0.0 0.0 0.0 0.0 0.0 0.0 0.0 0.0 0.0 0.0 0.0 0.0 0.0 0.0 0.0 0.0 0.0 0.0
0.0 0.0 0.0 0.0 0.0 0.0 0.0 0.0 0.0 0.0 0.0 0.0 0.0 0.0 0.0 0.0 0.0 0.0 0.0 0.0 0.0 0.0 0.0 0.0 0.0 0.0 0.0 0.0 0.0 0.0 0.0 0.0 0.0 0.0 0.0 0.0 0.0 0.0 0.0 0.0 0.0 0.0 0.0 0.0 0.0 0.0 0.0 0.0 0.0 0.0 0.0 0.0 0.0 0.0 0.0 0.0 0.0 0.0 0.0 0.0 0.0 0.0 0.0 0.0 0.0 0.0 0.0 0.0 0.0 0.0 0.0 0.0 0.0 0.0 0.0 0.0 0.0 0.0 0.0 0.0 0.0 0.0 0.0 0.0 0.0 0.0 0.0 0.0 0.0 0.0 0.0 0.0 0.0 0.0 0.0 0.0 0.0 0.0 0.0 0.0 0.0 0.0 0.0 0.0 0.0 0.0 0.0 0.0 0.0 0.0 0.0 0.0 0.0 0.0 0.0 0.0 0.0 0.0 0.0 0.0 0.0 0.0 0.0 0.0 0.0 0.0 0.0 0.0
0.0 0.0 0.0 0.0 0.0 0.0 0.0 0.0 0.0 0.0 0.0 0.0 0.0 0.0 0.0 0.0 0.0 0.0 0.0 0.0 0.0 0.0 0.0 0.0 0.0 0.0 0.0 0.0 0.0 0.0 0.0 0.0 0.0 0.0 0.0 0.0 0.0 0.0 0.0 0.0 0.0 0.0 0.0 0.0 0.0 0.0 0.0 0.0 0.0 0.0 0.0 0.0 0.0 0.0 0.0 0.0 0.0 0.0 0.0 0.0 0.0 0.0 0.0 0.0 0.0 0.0 0.0 0.0 0.0 0.0 0.0 0.0 0.0 0.0 0.0 0.0 0.0 0.0 0.0 0.0 0.0 0.0 0.0 0.0 0.0 0.0 0.0 0.0 0.0 0.0 0.0 0.0 0.0 0.0 0.0 0.0 0.0 0.0 0.0 0.0 0.0 0.0 0.0 0.0 0.0 0.0 0.0 0.0 0.0 0.0 0.0 0.0 0.0 0.0 0.0 0.0 0.0 0.0 0.0 0.0 0.0 0.0 0.0 0.0 0.0 0.0 0.0 0.0
1248.0 44.0 -20.0 -16.0 24.0 0.0 0.0 0.0 1216.0 88.0 -80.0 48.0 -24.0 0.0 0.0 0.0 784.0 -44.0 -20.0 0.0 0.0 0.0 0.0 0.0 912.0 -55.0 -10.0 0.0 0.0 0.0 0.0 0.0 1008.0 -11.0 0.0 0.0 0.0 0.0 0.0 0.0 1040.0 0.0 0.0 -16.0 0.0 0.0 0.0 0.0 1120.0 -33.0 10.0 0.0 0.0 0.0 0.0 0.0 1216.0 0.0 0.0 0.0 0.0 0.0 0.0 0.0 1072.0 66.0 20.0 0.0 0.0 0.0 0.0 0.0 976.0 33.0 -10.0 0.0 0.0 0.0 0.0 0.0 1040.0 -132.0 0.0 16.0 0.0 0.0 0.0 0.0 1232.0 0.0 -10.0 0.0 0.0 0.0 0.0 0.0 1184.0 22.0 0.0 0.0 0.0 0.0 0.0 0.0 1424.0 -143.0 -110.0 48.0 -24.0 0.0 0.0 0.0 736.0 220.0 50.0 64.0 24.0 0.0 0.0 0.0 400.0 11.0 -10.0 0.0 0.0 0.0 0.0 0.0
48.0 -60.0 0.0 19.0 0.0 0.0 0.0 0.0 0.0 0.0 14.0 0.0 0.0 0.0 0.0 0.0 12.0 0.0 0.0 0.0 0.0 0.0 0.0 0.0 0.0 0.0 0.0 0.0 0.0 0.0 0.0 0.0 0.0 0.0 0.0 0.0 0.0 0.0 0.0 0.0 -12.0 0.0 0.0 19.0 0.0 0.0 0.0 0.0 -84.0 36.0 0.0 0.0 0.0 0.0 0.0 0.0 -192.0 12.0 0.0 0.0 0.0 0.0 0.0 0.0 -72.0 -84.0 -14.0 19.0 0.0 0.0 0.0 0.0 12.0 0.0 0.0 0.0 0.0 0.0 0.0 0.0 12.0 0.0 14.0 0.0 0.0 0.0 0.0 0.0 24.0 0.0 0.0 0.0 0.0 0.0 0.0 0.0 36.0 0.0 0.0 0.0 0.0 0.0 0.0 0.0 24.0 144.0 -168.0 0.0 0.0 0.0 0.0 0.0 96.0 -108.0 -168.0 -38.0 -52.0 0.0 0.0 0.0 0.0 -12.0 -14.0 0.0 0.0 0.0 0.0 0.0
-14.0 13.0 16.0 -24.0 0.0 0.0 0.0 0.0 0.0 0.0 0.0 0.0 0.0 0.0 0.0 0.0 0.0 0.0 0.0 0.0 0.0 0.0 0.0 0.0 0.0 0.0 0.0 0.0 0.0 0.0 0.0 0.0 0.0 0.0 0.0 0.0 0.0 0.0 0.0 0.0 14.0 0.0 0.0 0.0 0.0 0.0 0.0 0.0 -14.0 13.0 0.0 0.0 0.0 0.0 0.0 0.0 0.0 -52.0 16.0 0.0 0.0 0.0 0.0 0.0 56.0 65.0 0.0 -24.0 0.0 0.0 0.0 0.0 -14.0 0.0 0.0 0.0 0.0 0.0 0.0 0.0 0.0 -13.0 0.0 0.0 0.0 0.0 0.0 0.0 0.0 0.0 0.0 0.0 0.0 0.0 0.0 0.0 0.0 0.0 0.0 0.0 0.0 0.0 0.0 0.0 -42.0 65.0 0.0 -24.0 0.0 0.0 0.0 0.0 56.0 -39.0 48.0 72.0 0.0 0.0 0.0 0.0 0.0 -13.0 0.0 0.0 0.0 0.0 0.0 0.0
0.0 0.0 0.0 0.0 0.0 0.0 0.0 0.0 0.0 0.0 0.0 0.0 0.0 0.0 0.0 0.0 0.0 0.0 0.0 0.0 0.0 0.0 0.0 0.0 0.0 0.0 0.0 0.0 0.0 0.0 0.0 0.0 0.0 0.0 0.0 0.0 0.0 0.0 0.0 0.0 0.0 0.0 0.0 0.0 0.0 0.0 0.0 0.0 42.0 0.0 0.0 0.0 0.0 0.0 0.0 0.0 56.0 0.0 0.0 0.0 0.0 0.0 0.0 0.0 -28.0 -17.0 22.0 29.0 0.0 0.0 0.0 0.0 0.0 0.0 0.0 0.0 0.0 0.0 0.0 0.0 0.0 0.0 0.0 0.0 0.0 0.0 0.0 0.0 0.0 0.0 0.0 0.0 0.0 0.0 0.0 0.0 0.0 0.0 0.0 0.0 0.0 0.0 0.0 0.0 0.0 0.0 22.0 0.0 0.0 0.0 0.0 0.0 14.0 0.0 44.0 0.0 0.0 0.0 0.0 0.0 0.0 0.0 0.0 0.0 0.0 0.0 0.0 0.0
0.0 0.0 0.0 0.0 0.0 0.0 0.0 0.0 0.0 0.0 0.0 0.0 0.0 0.0 0.0 0.0 0.0 0.0 0.0 0.0 0.0 0.0 0.0 0.0 0.0 0.0 0.0 0.0 0.0 0.0 0.0 0.0 0.0 0.0 0.0 0.0 0.0 0.0 0.0 0.0 0.0 0.0 0.0 0.0 0.0 0.0 0.0 0.0 0.0 -22.0 0.0 0.0 0.0 0.0 0.0 0.0 18.0 44.0 0.0 0.0 0.0 0.0 0.0 0.0 0.0 0.0 -37.0 0.0 0.0 0.0 0.0 0.0 0.0 0.0 0.0 0.0 0.0 0.0 0.0 0.0 0.0 0.0 0.0 0.0 0.0 0.0 0.0 0.0 0.0 0.0 0.0 0.0 0.0 0.0 0.0 0.0 0.0 0.0 0.0 0.0 0.0 0.0 0.0 0.0 0.0 0.0 0.0 0.0 0.0 0.0 0.0 0.0 0.0 -22.0 0.0 -56.0 0.0 0.0 0.0 0.0 0.0 0.0 0.0 0.0 0.0 0.0 0.0 0.0
0.0 0.0 0.0 0.0 0.0 0.0 0.0 0.0 0.0 0.0 0.0 0.0 0.0 0.0 0.0 0.0 0.0 0.0 0.0 0.0 0.0 0.0 0.0 0.0 0.0 0.0 0.0 0.0 0.0 0.0 0.0 0.0 0.0 0.0 0.0 0.0 0.0 0.0 0.0 0.0 0.0 0.0 0.0 0.0 0.0 0.0 0.0 0.0 0.0 0.0 0.0 0.0 0.0 0.0 0.0 0.0 -24.0 0.0 0.0 0.0 0.0 0.0 0.0 0.0 0.0 0.0 0.0 0.0 0.0 0.0 0.0 0.0 0.0 0.0 0.0 0.0 0.0 0.0 0.0 0.0 0.0 0.0 0.0 0.0 0.0 0.0 0.0 0.0 0.0 0.0 0.0 0.0 0.0 0.0 0.0 0.0 0.0 0.0 0.0 0.0 0.0 0.0 0.0 0.0 0.0 0.0 0.0 0.0 0.0 0.0 0.0 0.0 0.0 0.0 0.0 0.0 0.0 0.0 0.0 0.0 0.0 0.0 0.0 0.0 0.0 0.0 0.0 0.0
0.0 0.0 0.0 0.0 0.0 0.0 0.0 0.0 0.0 0.0 0.0 0.0 0.0 0.0 0.0 0.0 0.0 0.0 0.0 0.0 0.0 0.0 0.0 0.0 0.0 0.0 0.0 0.0 0.0 0.0 0.0 0.0 0.0 0.0 0.0 0.0 0.0 0.0 0.0 0.0 0.0 0.0 0.0 0.0 0.0 0.0 0.0 0.0 0.0 0.0 0.0 0.0 0.0 0.0 0.0 0.0 0.0 0.0 0.0 0.0 0.0 0.0 0.0 0.0 0.0 0.0 0.0 0.0 0.0 0.0 0.0 0.0 0.0 0.0 0.0 0.0 0.0 0.0 0.0 0.0 0.0 0.0 0.0 0.0 0.0 0.0 0.0 0.0 0.0 0.0 0.0 0.0 0.0 0.0 0.0 0.0 0.0 0.0 0.0 0.0 0.0 0.0 0.0 0.0 0.0 0.0 0.0 0.0 0.0 0.0 0.0 0.0 0.0 0.0 0.0 0.0 0.0 0.0 0.0 0.0 0.0 0.0 0.0 0.0 0.0 0.0 0.0 0.0
0.0 0.0 0.0 0.0 0.0 0.0 0.0 0.0 0.0 0.0 0.0 0.0 0.0 0.0 0.0 0.0 0.0 0.0 0.0 0.0 0.0 0.0 0.0 0.0 0.0 0.0 0.0 0.0 0.0 0.0 0.0 0.0 0.0 0.0 0.0 0.0 0.0 0.0 0.0 0.0 0.0 0.0 0.0 0.0 0.0 0.0 0.0 0.0 0.0 0.0 0.0 0.0 0.0 0.0 0.0 0.0 0.0 0.0 0.0 0.0 0.0 0.0 0.0 0.0 0.0 0.0 0.0 0.0 0.0 0.0 0.0 0.0 0.0 0.0 0.0 0.0 0.0 0.0 0.0 0.0 0.0 0.0 0.0 0.0 0.0 0.0 0.0 0.0 0.0 0.0 0.0 0.0 0.0 0.0 0.0 0.0 0.0 0.0 0.0 0.0 0.0 0.0 0.0 0.0 0.0 0.0 0.0 0.0 0.0 0.0 0.0 0.0 0.0 0.0 0.0 0.0 0.0 0.0 0.0 0.0 0.0 0.0 0.0 0.0 0.0 0.0 0.0 0.0
944.0 99.0 150.0 -48.0 48.0 0.0 0.0 0.0 1216.0 110.0 -90.0 32.0 -24.0 0.0 0.0 0.0 736.0 -66.0 -20.0 0.0 0.0 0.0 0.0 0.0 880.0 -44.0 -10.0 0.0 0.0 0.0 0.0 0.0 960.0 11.0 -10.0 0.0 0.0 0.0 0.0 0.0 960.0 -33.0 10.0 -16.0 0.0 0.0 0.0 0.0 1120.0 -44.0 10.0 -16.0 0.0 0.0 0.0 0.0 1424.0 -66.0 -10.0 -16.0 0.0 0.0 0.0 0.0 1568.0 22.0 -30.0 0.0 0.0 0.0 0.0 0.0 1088.0 253.0 30.0 -32.0 0.0 0.0 0.0 0.0 1024.0 -176.0 -10.0 32.0 0.0 0.0 0.0 0.0 1024.0 66.0 110.0 -48.0 0.0 0.0 0.0 0.0 1152.0 0.0 0.0 0.0 0.0 0.0 0.0 0.0 976.0 176.0 -50.0 -16.0 0.0 0.0 0.0 0.0 416.0 11.0 20.0 16.0 24.0 0.0 0.0 0.0 624.0 -165.0 30.0 -16.0 24.0 0.0 0.0 0.0
96.0 84.0 -14.0 -38.0 0.0 0.0 0.0 0.0 0.0 0.0 0.0 0.0 0.0 0.0 0.0 0.0 0.0 0.0 0.0 0.0 0.0 0.0 0.0 0.0 0.0 0.0 0.0 0.0 0.0 0.0 0.0 0.0 24.0 -24.0 0.0 0.0 0.0 0.0 0.0 0.0 12.0 -12.0 -14.0 0.0 0.0 0.0 0.0 0.0 0.0 -12.0 14.0 0.0 0.0 0.0 0.0 0.0 12.0 12.0 0.0 19.0 0.0 0.0 0.0 0.0 -84.0 60.0 -42.0 19.0 0.0 0.0 0.0 0.0 -156.0 -180.0 42.0 57.0 -26.0 0.0 0.0 0.0 12.0 24.0 0.0 0.0 0.0 0.0 0.0 0.0 108.0 -84.0 -70.0 57.0 0.0 0.0 0.0 0.0 0.0 0.0 0.0 0.0 0.0 0.0 0.0 0.0 192.0 -180.0 14.0 38.0 0.0 0.0 0.0 0.0 12.0 24.0 28.0 38.0 26.0 0.0 0.0 0.0 -192.0 120.0 14.0 0.0 0.0 0.0 0.0 0.0
0.0 -13.0 -48.0 0.0 0.0 0.0 0.0 0.0 0.0 0.0 0.0 0.0 0.0 0.0 0.0 0.0 0.0 0.0 0.0 0.0 0.0 0.0 0.0 0.0 0.0 0.0 0.0 0.0 0.0 0.0 0.0 0.0 0.0 0.0 16.0 -24.0 0.0 0.0 0.0 0.0 0.0 0.0 16.0 0.0 0.0 0.0 0.0 0.0 14.0 0.0 0.0 0.0 0.0 0.0 0.0 0.0 0.0 0.0 16.0 0.0 0.0 0.0 0.0 0.0 -42.0 65.0 -32.0 0.0 0.0 0.0 0.0 0.0 14.0 -39.0 -112.0 -24.0 40.0 0.0 0.0 0.0 -14.0 0.0 0.0 0.0 0.0 0.0 0.0 0.0 -14.0 26.0 -32.0 -24.0 0.0 0.0 0.0 0.0 0.0 0.0 0.0 0.0 0.0 0.0 0.0 0.0 28.0 -78.0 112.0 -48.0 -40.0 0.0 0.0 0.0 28.0 26.0 32.0 48.0 0.0 0.0 0.0 0.0 14.0 26.0 -64.0 48.0 -40.0 0.0 0.0 0.0
14.0 0.0 0.0 0.0 0.0 0.0 0.0 0.0 0.0 0.0 0.0 0.0 0.0 0.0 0.0 0.0 0.0 0.0 0.0 0.0 0.0 0.0 0.0 0.0 0.0 0.0 0.0 0.0 0.0 0.0 0.0 0.0 0.0 0.0 0.0 0.0 0.0 0.0 0.0 0.0 0.0 17.0 0.0 0.0 0.0 0.0 0.0 0.0 0.0 0.0 0.0 0.0 0.0 0.0 0.0 0.0 0.0 17.0 -22.0 0.0 0.0 0.0 0.0 0.0 -14.0 17.0 -22.0 0.0 0.0 0.0 0.0 0.0 14.0 34.0 22.0 -58.0 -51.0 0.0 0.0 0.0 0.0 0.0 0.0 0.0 0.0 0.0 0.0 0.0 0.0 0.0 0.0 0.0 0.0 0.0 0.0 0.0 0.0 0.0 0.0 0.0 0.0 0.0 0.0 0.0 28.0 -17.0 0.0 -29.0 51.0 0.0 0.0 0.0 14.0 17.0 22.0 29.0 0.0 0.0 0.0 0.0 0.0 -17.0 22.0 0.0 -51.0 0.0 0.0 0.0
0.0 0.0 0.0 0.0 0.0 0.0 0.0 0.0 0.0 0.0 0.0 0.0 0.0 0.0 0.0 0.0 0.0 0.0 0.0 0.0 0.0 0.0 0.0 0.0 0.0 0.0 0.0 0.0 0.0 0.0 0.0 0.0 0.0 0.0 0.0 0.0 0.0 0.0 0.0 0.0 0.0 0.0 0.0 0.0 0.0 0.0 0.0 0.0 0.0 0.0 0.0 0.0 0.0 0.0 0.0 0.0 0.0 0.0 0.0 0.0 0.0 0.0 0.0 0.0 -18.0 0.0 0.0 0.0 0.0 0.0 0.0 0.0 36.0 22.0 37.0 56.0 0.0 0.0 0.0 0.0 0.0 0.0 0.0 0.0 0.0 0.0 0.0 0.0 0.0 0.0 0.0 0.0 0.0 0.0 0.0 0.0 0.0 0.0 0.0 0.0 0.0 0.0 0.0 0.0 0.0 0.0 0.0 0.0 0.0 0.0 0.0 0.0 18.0 22.0 37.0 0.0 0.0 0.0 0.0 0.0 0.0 -22.0 0.0 -56.0 0.0 0.0 0.0 0.0
0.0 0.0 0.0 0.0 0.0 0.0 0.0 0.0 0.0 0.0 0.0 0.0 0.0 0.0 0.0 0.0 0.0 0.0 0.0 0.0 0.0 0.0 0.0 0.0 0.0 0.0 0.0 0.0 0.0 0.0 0.0 0.0 0.0 0.0 0.0 0.0 0.0 0.0 0.0 0.0 0.0 0.0 0.0 0.0 0.0 0.0 0.0 0.0 0.0 0.0 0.0 0.0 0.0 0.0 0.0 0.0 0.0 0.0 0.0 0.0 0.0 0.0 0.0 0.0 0.0 0.0 0.0 0.0 0.0 0.0 0.0 0.0 0.0 0.0 0.0 0.0 0.0 0.0 0.0 0.0 0.0 0.0 0.0 0.0 0.0 0.0 0.0 0.0 0.0 0.0 0.0 0.0 0.0 0.0 0.0 0.0 0.0 0.0 0.0 0.0 0.0 0.0 0.0 0.0 0.0 0.0 0.0 0.0 0.0 0.0 0.0 0.0 0.0 0.0 0.0 0.0 0.0 0.0 0.0 0.0 0.0 0.0 0.0 0.0 0.0 0.0 0.0 0.0
0.0 0.0 0.0 0.0 0.0 0.0 0.0 0.0 0.0 0.0 0.0 0.0 0.0 0.0 0.0 0.0 0.0 0.0 0.0 0.0 0.0 0.0 0.0 0.0 0.0 0.0 0.0 0.0 0.0 0.0 0.0 0.0 0.0 0.0 0.0 0.0 0.0 0.0 0.0 0.0 0.0 0.0 0.0 0.0 0.0 0.0 0.0 0.0 0.0 0.0 0.0 0.0 0.0 0.0 0.0 0.0 0.0 0.0 0.0 0.0 0.0 0.0 0.0 0.0 0.0 0.0 0.0 0.0 0.0 0.0 0.0 0.0 0.0 0.0 0.0 0.0 0.0 0.0 0.0 0.0 0.0 0.0 0.0 0.0 0.0 0.0 0.0 0.0 0.0 0.0 0.0 0.0 0.0 0.0 0.0 0.0 0.0 0.0 0.0 0.0 0.0 0.0 0.0 0.0 0.0 0.0 0.0 0.0 0.0 0.0 0.0 0.0 0.0 0.0 0.0 0.0 0.0 0.0 0.0 0.0 0.0 0.0 0.0 0.0 0.0 0.0 0.0 0.0
0.0 0.0 0.0 0.0 0.0 0.0 0.0 0.0 0.0 0.0 0.0 0.0 0.0 0.0 0.0 0.0 0.0 0.0 0.0 0.0 0.0 0.0 0.0 0.0 0.0 0.0 0.0 0.0 0.0 0.0 0.0 0.0 0.0 0.0 0.0 0.0 0.0 0.0 0.0 0.0 0.0 0.0 0.0 0.0 0.0 0.0 0.0 0.0 0.0 0.0 0.0 0.0 0.0 0.0 0.0 0.0 0.0 0.0 0.0 0.0 0.0 0.0 0.0 0.0 0.0 0.0 0.0 0.0 0.0 0.0 0.0 0.0 0.0 0.0 0.0 0.0 0.0 0.0 0.0 0.0 0.0 0.0 0.0 0.0 0.0 0.0 0.0 0.0 0.0 0.0 0.0 0.0 0.0 0.0 0.0 0.0 0.0 0.0 0.0 0.0 0.0 0.0 0.0 0.0 0.0 0.0 0.0 0.0 0.0 0.0 0.0 0.0 0.0 0.0 0.0 0.0 0.0 0.0 0.0 0.0 0.0 0.0 0.0 0.0 0.0 0.0 0.0 0.0
784.0 -77.0 60.0 -48.0 24.0 0.0 0.0 0.0 1216.0 99.0 -100.0 32.0 -24.0 0.0 0.0 0.0 736.0 -66.0 -20.0 0.0 0.0 0.0 0.0 0.0 896.0 -66.0 20.0 -32.0 24.0 -40.0 0.0 0.0 928.0 55.0 70.0 64.0 24.0 0.0 0.0 0.0 1008.0 -44.0 0.0 0.0 0.0 0.0 0.0 0.0 1152.0 -77.0 10.0 -16.0 0.0 0.0 0.0 0.0 1472.0 -66.0 -10.0 0.0 0.0 0.0 0.0 0.0 1600.0 -22.0 0.0 0.0 0.0 0.0 0.0 0.0 1632.0 22.0 -30.0 32.0 -24.0 0.0 0.0 0.0 1104.0 -55.0 110.0 96.0 24.0 0.0 0.0 0.0 800.0 297.0 100.0 -112.0 0.0 0.0 0.0 0.0 1312.0 -154.0 -100.0 -64.0 -24.0 0.0 0.0 0.0 512.0 121.0 110.0 64.0 24.0 40.0 0.0 0.0 512.0 -121.0 70.0 -32.0 0.0 0.0 0.0 0.0 1184.0 -99.0 -40.0 -16.0 0.0 0.0 0.0 0.0
0.0 -12.0 0.0 0.0 0.0 0.0 0.0 0.0 0.0 0.0 0.0 0.0 0.0 0.0 0.0 0.0 12.0 0.0 0.0 0.0 0.0 0.0 0.0 0.0 -12.0 24.0 -28.0 38.0 -26.0 0.0 0.0 0.0 0.0 -12.0 -28.0 -38.0 -26.0 0.0 0.0 0.0 -12.0 -12.0 0.0 0.0 0.0 0.0 0.0 0.0 -48.0 72.0 14.0 -19.0 0.0 0.0 0.0 0.0 0.0 -36.0 -14.0 0.0 0.0 0.0 0.0 0.0 24.0 0.0 0.0 0.0 0.0 0.0 0.0 0.0 -24.0 60.0 -56.0 38.0 -26.0 0.0 0.0 0.0 -132.0 -168.0 -112.0 -19.0 26.0 58.0 0.0 0.0 -36.0 48.0 -42.0 19.0 0.0 0.0 0.0 0.0 -240.0 36.0 14.0 0.0 0.0 0.0 0.0 0.0 60.0 72.0 42.0 -19.0 -52.0 -58.0 0.0 0.0 -96.0 120.0 -56.0 19.0 26.0 0.0 0.0 0.0 -72.0 -84.0 -28.0 -19.0 0.0 0.0 0.0 0.0
0.0 0.0 0.0 0.0 0.0 0.0 0.0 0.0 0.0 0.0 0.0 0.0 0.0 0.0 0.0 0.0 0.0 0.0 0.0 0.0 0.0 0.0 0.0 0.0 14.0 -26.0 16.0 -24.0 0.0 0.0 0.0 0.0 -14.0 -13.0 -16.0 -24.0 0.0 0.0 0.0 0.0 -14.0 13.0 16.0 0.0 0.0 0.0 0.0 0.0 28.0 0.0 -64.0 0.0 0.0 0.0 0.0 0.0 -28.0 -39.0 0.0 24.0 0.0 0.0 0.0 0.0 -14.0 0.0 0.0 0.0 0.0 0.0 0.0 0.0 -42.0 65.0 -48.0 24.0 0.0 0.0 0.0 0.0 28.0 0.0 -32.0 -72.0 -80.0 -57.0 0.0 0.0 56.0 -78.0 80.0 -48.0 0.0 0.0 0.0 0.0 98.0 91.0 80.0 24.0 0.0 0.0 0.0 0.0 56.0 78.0 32.0 0.0 0.0 0.0 0.0 0.0 28.0 -39.0 0.0 24.0 -40.0 0.0 0.0 0.0 -28.0 -26.0 -16.0 -24.0 0.0 0.0 0.0 0.0
0.0 0.0 0.0 0.0 0.0 0.0 0.0 0.0 0.0 0.0 0.0 0.0 0.0 0.0 0.0 0.0 0.0 0.0 0.0 0.0 0.0 0.0 0.0 0.0 -14.0 17.0 0.0 0.0 0.0 0.0 0.0 0.0 14.0 0.0 0.0 0.0 0.0 0.0 0.0 0.0 0.0 0.0 0.0 0.0 0.0 0.0 0.0 0.0 14.0 -34.0 44.0 29.0 0.0 0.0 0.0 0.0 -14.0 -17.0 22.0 0.0 0.0 0.0 0.0 0.0 0.0 0.0 0.0 0.0 0.0 0.0 0.0 0.0 -28.0 34.0 -22.0 0.0 0.0 0.0 0.0 0.0 0.0 17.0 22.0 29.0 0.0 0.0 0.0 0.0 -28.0 34.0 -22.0 0.0 0.0 0.0 0.0 0.0 56.0 -34.0 -22.0 0.0 0.0 0.0 0.0 0.0 0.0 -17.0 -22.0 -58.0 -51.0 0.0 0.0 0.0 0.0 0.0 22.0 -29.0 51.0 0.0 0.0 0.0 -14.0 -17.0 -22.0 0.0 0.0 0.0 0.0 0.0
0.0 0.0 0.0 0.0 0.0 0.0 0.0 0.0 0.0 0.0 0.0 0.0 0.0 0.0 0.0 0.0 0.0 0.0 0.0 0.0 0.0 0.0 0.0 0.0 0.0 0.0 0.0 0.0 0.0 0.0 0.0 0.0 0.0 0.0 0.0 0.0 0.0 0.0 0.0 0.0 0.0 0.0 0.0 0.0 0.0 0.0 0.0 0.0 0.0 0.0 0.0 -56.0 0.0 0.0 0.0 0.0 0.0 0.0 37.0 0.0 0.0 0.0 0.0 0.0 0.0 0.0 0.0 0.0 0.0 0.0 0.0 0.0 -18.0 22.0 0.0 0.0 0.0 0.0 0.0 0.0 18.0 22.0 0.0 0.0 0.0 0.0 0.0 0.0 36.0 -44.0 37.0 0.0 0.0 0.0 0.0 0.0 -36.0 -22.0 -37.0 0.0 0.0 0.0 0.0 0.0 0.0 0.0 0.0 0.0 0.0 0.0 0.0 0.0 0.0 0.0 0.0 0.0 0.0 0.0 0.0 0.0 0.0 0.0 0.0 0.0 0.0 0.0 0.0 0.0
0.0 0.0 0.0 0.0 0.0 0.0 0.0 0.0 0.0 0.0 0.0 0.0 0.0 0.0 0.0 0.0 0.0 0.0 0.0 0.0 0.0 0.0 0.0 0.0 0.0 0.0 0.0 0.0 0.0 0.0 0.0 0.0 0.0 0.0 0.0 0.0 0.0 0.0 0.0 0.0 0.0 0.0 0.0 0.0 0.0 0.0 0.0 0.0 0.0 0.0 0.0 0.0 0.0 0.0 0.0 0.0 0.0 0.0 0.0 0.0 0.0 0.0 0.0 0.0 0.0 0.0 0.0 0.0 0.0 0.0 0.0 0.0 -24.0 0.0 0.0 0.0 0.0 0.0 0.0 0.0 0.0 0.0 0.0 0.0 0.0 0.0 0.0 0.0 -24.0 0.0 0.0 0.0 0.0 0.0 0.0 0.0 0.0 35.0 55.0 0.0 0.0 0.0 0.0 0.0 0.0 0.0 0.0 0.0 0.0 0.0 0.0 0.0 0.0 0.0 0.0 0.0 0.0 0.0 0.0 0.0 0.0 0.0 0.0 0.0 0.0 0.0 0.0 0.0
0.0 0.0 0.0 0.0 0.0 0.0 0.0 0.0 0.0 0.0 0.0 0.0 0.0 0.0 0.0 0.0 0.0 0.0 0.0 0.0 0.0 0.0 0.0 0.0 0.0 0.0 0.0 0.0 0.0 0.0 0.0 0.0 0.0 0.0 0.0 0.0 0.0 0.0 0.0 0.0 0.0 0.0 0.0 0.0 0.0 0.0 0.0 0.0 0.0 0.0 0.0 0.0 0.0 0.0 0.0 0.0 0.0 0.0 0.0 0.0 0.0 0.0 0.0 0.0 0.0 0.0 0.0 0.0 0.0 0.0 0.0 0.0 0.0 0.0 0.0 0.0 0.0 0.0 0.0 0.0 0.0 0.0 0.0 0.0 0.0 0.0 0.0 0.0 0.0 0.0 0.0 0.0 0.0 0.0 0.0 0.0 0.0 0.0 0.0 0.0 0.0 0.0 0.0 0.0 0.0 0.0 0.0 0.0 0.0 0.0 0.0 0.0 0.0 0.0 0.0 0.0 0.0 0.0 0.0 0.0 0.0 0.0 0.0 0.0 0.0 0.0 0.0 0.0
0.0 0.0 0.0 0.0 0.0 0.0 0.0 0.0 0.0 0.0 0.0 0.0 0.0 0.0 0.0 0.0 0.0 0.0 0.0 0.0 0.0 0.0 0.0 0.0 0.0 0.0 0.0 0.0 0.0 0.0 0.0 0.0 0.0 0.0 0.0 0.0 0.0 0.0 0.0 0.0 0.0 0.0 0.0 0.0 0.0 0.0 0.0 0.0 0.0 0.0 0.0 0.0 0.0 0.0 0.0 0.0 0.0 0.0 0.0 0.0 0.0 0.0 0.0 0.0 0.0 0.0 0.0 0.0 0.0 0.0 0.0 0.0 0.0 0.0 0.0 0.0 0.0 0.0 0.0 0.0 0.0 0.0 0.0 0.0 0.0 0.0 0.0 0.0 0.0 0.0 0.0 0.0 0.0 0.0 0.0 0.0 0.0 0.0 0.0 0.0 0.0 0.0 0.0 0.0 0.0 0.0 0.0 0.0 0.0 0.0 0.0 0.0 0.0 0.0 0.0 0.0 0.0 0.0 0.0 0.0 0.0 0.0 0.0 0.0 0.0 0.0 0.0 0.0
832.0 -55.0 50.0 -48.0 24.0 0.0 0.0 0.0 1248.0 88.0 -110.0 32.0 -24.0 0.0 0.0 0.0 752.0 -55.0 -20.0 0.0 0.0 0.0 0.0 0.0 992.0 -209.0 140.0 -80.0 24.0 40.0 -51.0 61.0 928.0 55.0 70.0 16.0 24.0 0.0 0.0 0.0 1024.0 -55.0 -10.0 0.0 0.0 0.0 0.0 0.0 1248.0 -66.0 10.0 -16.0 0.0 0.0 0.0 0.0 1392.0 -11.0 0.0 0.0 0.0 0.0 0.0 0.0 1456.0 -33.0 0.0 0.0 0.0 0.0 0.0 0.0 1504.0 -11.0 0.0 16.0 0.0 0.0 0.0 0.0 1472.0 44.0 -20.0 -16.0 24.0 0.0 0.0 0.0 1504.0 -66.0 20.0 16.0 -24.0 0.0 0.0 0.0 1600.0 0.0 10.0 48.0 -48.0 40.0 0.0 0.0 432.0 44.0 40.0 32.0 48.0 40.0 0.0 0.0 992.0 -264.0 -70.0 0.0 0.0 0.0 0.0 0.0 1264.0 11.0 0.0 0.0 0.0 0.0 0.0 0.0
0.0 0.0 0.0 0.0 0.0 0.0 0.0 0.0 -12.0 0.0 0.0 0.0 0.0 0.0 0.0 0.0 0.0 0.0 0.0 0.0 0.0 0.0 0.0 0.0 -12.0 24.0 -14.0 -19.0 52.0 -58.0 60.0 0.0 -36.0 -48.0 0.0 19.0 0.0 0.0 0.0 0.0 -24.0 12.0 14.0 0.0 0.0 0.0 0.0 0.0 36.0 -12.0 0.0 0.0 0.0 0.0 0.0 0.0 36.0 0.0 0.0 0.0 0.0 0.0 0.0 0.0 60.0 0.0 -14.0 0.0 0.0 0.0 0.0 0.0 60.0 -24.0 14.0 0.0 0.0 0.0 0.0 0.0 -24.0 108.0 -14.0 -19.0 0.0 0.0 0.0 0.0 -120.0 -72.0 42.0 19.0 -26.0 0.0 0.0 0.0 108.0 -60.0 28.0 -76.0 52.0 -58.0 0.0 0.0 36.0 60.0 42.0 57.0 52.0 58.0 0.0 0.0 -156.0 -96.0 42.0 76.0 26.0 0.0 0.0 0.0 0.0 0.0 0.0 0.0 0.0 0.0 0.0 0.0
-14.0 0.0 0.0 0.0 0.0 0.0 0.0 0.0 0.0 0.0 0.0 0.0 0.0 0.0 0.0 0.0 0.0 0.0 0.0 0.0 0.0 0.0 0.0 0.0 0.0 0.0 0.0 0.0 0.0 0.0 0.0 0.0 14.0 13.0 0.0 0.0 0.0 0.0 0.0 0.0 0.0 26.0 -32.0 0.0 0.0 0.0 0.0 0.0 0.0 13.0 0.0 -24.0 0.0 0.0 0.0 0.0 14.0 0.0 0.0 0.0 0.0 0.0 0.0 0.0 0.0 -13.0 0.0 0.0 0.0 0.0 0.0 0.0 0.0 13.0 16.0 0.0 0.0 0.0 0.0 0.0 0.0 13.0 16.0 -24.0 0.0 0.0 0.0 0.0 -84.0 -26.0 48.0 24.0 0.0 0.0 0.0 0.0 -70.0 39.0 -16.0 24.0 -40.0 0.0 0.0 0.0 14.0 13.0 16.0 24.0 0.0 0.0 0.0 0.0 -14.0 26.0 48.0 24.0 -40.0 -57.0 0.0 0.0 0.0 0.0 0.0 0.0 0.0 0.0 0.0 0.0
0.0 0.0 0.0 0.0 0.0 0.0 0.0 0.0 0.0 0.0 0.0 0.0 0.0 0.0 0.0 0.0 0.0 0.0 0.0 0.0 0.0 0.0 0.0 0.0 0.0 0.0 0.0 0.0 0.0 0.0 0.0 0.0 0.0 0.0 0.0 0.0 0.0 0.0 0.0 0.0 0.0 0.0 -22.0 29.0 0.0 0.0 0.0 0.0 0.0 -17.0 -22.0 -29.0 0.0 0.0 0.0 0.0 14.0 -17.0 0.0 0.0 0.0 0.0 0.0 0.0 14.0 0.0 -22.0 0.0 0.0 0.0 0.0 0.0 14.0 17.0 0.0 0.0 0.0 0.0 0.0 0.0 -14.0 -17.0 44.0 0.0 0.0 0.0 0.0 0.0 -42.0 17.0 44.0 29.0 0.0 0.0 0.0 0.0 28.0 -17.0 0.0 -29.0 0.0 0.0 0.0 0.0 -14.0 0.0 0.0 0.0 0.0 0.0 0.0 0.0 -14.0 0.0 0.0 -29.0 -51.0 0.0 0.0 0.0 0.0 0.0 0.0 0.0 0.0 0.0 0.0 0.0
0.0 0.0 0.0 0.0 0.0 0.0 0.0 0.0 0.0 0.0 0.0 0.0 0.0 0.0 0.0 0.0 0.0 0.0 0.0 0.0 0.0 0.0 0.0 0.0 0.0 0.0 0.0 0.0 0.0 0.0 0.0 0.0 0.0 0.0 0.0 0.0 0.0 0.0 0.0 0.0 0.0 0.0 0.0 0.0 0.0 0.0 0.0 0.0 0.0 0.0 -37.0 0.0 0.0 0.0 0.0 0.0 0.0 0.0 0.0 0.0 0.0 0.0 0.0 0.0 -18.0 0.0 0.0 0.0 0.0 0.0 0.0 0.0 0.0 0.0 0.0 0.0 0.0 0.0 0.0 0.0 0.0 0.0 0.0 0.0 0.0 0.0 0.0 0.0 -18.0 22.0 37.0 0.0 0.0 0.0 0.0 0.0 -18.0 0.0 0.0 0.0 0.0 0.0 0.0 0.0 0.0 0.0 0.0 0.0 0.0 0.0 0.0 0.0 0.0 22.0 0.0 0.0 0.0 0.0 0.0 0.0 0.0 0.0 0.0 0.0 0.0 0.0 0.0 0.0
0.0 0.0 0.0 0.0 0.0 0.0 0.0 0.0 0.0 0.0 0.0 0.0 0.0 0.0 0.0 0.0 0.0 0.0 0.0 0.0 0.0 0.0 0.0 0.0 0.0 0.0 0.0 0.0 0.0 0.0 0.0 0.0 0.0 0.0 0.0 0.0 0.0 0.0 0.0 0.0 0.0 0.0 0.0 0.0 0.0 0.0 0.0 0.0 0.0 0.0 0.0 0.0 0.0 0.0 0.0 0.0 0.0 0.0 0.0 0.0 0.0 0.0 0.0 0.0 0.0 0.0 0.0 0.0 0.0 0.0 0.0 0.0 0.0 0.0 0.0 0.0 0.0 0.0 0.0 0.0 -24.0 0.0 0.0 0.0 0.0 0.0 0.0 0.0 0.0 35.0 55.0 0.0 0.0 0.0 0.0 0.0 0.0 0.0 0.0 0.0 0.0 0.0 0.0 0.0 0.0 0.0 0.0 0.0 0.0 0.0 0.0 0.0 0.0 0.0 0.0 0.0 0.0 0.0 0.0 0.0 0.0 0.0 0.0 0.0 0.0 0.0 0.0 0.0
0.0 0.0 0.0 0.0 0.0 0.0 0.0 0.0 0.0 0.0 0.0 0.0 0.0 0.0 0.0 0.0 0.0 0.0 0.0 0.0 0.0 0.0 0.0 0.0 0.0 0.0 0.0 0.0 0.0 0.0 0.0 0.0 0.0 0.0 0.0 0.0 0.0 0.0 0.0 0.0 0.0 0.0 0.0 0.0 0.0 0.0 0.0 0.0 0.0 0.0 0.0 0.0 0.0 0.0 0.0 0.0 0.0 0.0 0.0 0.0 0.0 0.0 0.0 0.0 0.0 0.0 0.0 0.0 0.0 0.0 0.0 0.0 0.0 0.0 0.0 0.0 0.0 0.0 0.0 0.0 0.0 0.0 0.0 0.0 0.0 0.0 0.0 0.0 0.0 0.0 0.0 0.0 0.0 0.0 0.0 0.0 0.0 0.0 0.0 0.0 0.0 0.0 0.0 0.0 0.0 0.0 0.0 0.0 0.0 0.0 0.0 0.0 0.0 0.0 0.0 0.0 0.0 0.0 0.0 0.0 0.0 0.0 0.0 0.0 0.0 0.0 0.0 0.0
0.0 0.0 0.0 0.0 0.0 0.0 0.0 0.0 0.0 0.0 0.0 0.0 0.0 0.0 0.0 0.0 0.0 0.0 0.0 0.0 0.0 0.0 0.0 0.0 0.0 0.0 0.0 0.0 0.0 0.0 0.0 0.0 0.0 0.0 0.0 0.0 0.0 0.0 0.0 0.0 0.0 0.0 0.0 0.0 0.0 0.0 0.0 0.0 0.0 0.0 0.0 0.0 0.0 0.0 0.0 0.0 0.0 0.0 0.0 0.0 0.0 0.0 0.0 0.0 0.0 0.0 0.0 0.0 0.0 0.0 0.0 0.0 0.0 0.0 0.0 0.0 0.0 0.0 0.0 0.0 0.0 0.0 0.0 0.0 0.0 0.0 0.0 0.0 0.0 0.0 0.0 0.0 0.0 0.0 0.0 0.0 0.0 0.0 0.0 0.0 0.0 0.0 0.0 0.0 0.0 0.0 0.0 0.0 0.0 0.0 0.0 0.0 0.0 0.0 0.0 0.0 0.0 0.0 0.0 0.0 0.0 0.0 0.0 0.0 0.0 0.0 0.0 0.0
848.0 -77.0 60.0 -32.0 24.0 0.0 0.0 0.0 1280.0 88.0 -110.0 32.0 -48.0 0.0 0.0 0.0 736.0 -55.0 -20.0 0.0 0.0 0.0 0.0 0.0 992.0 -264.0 180.0 -64.0 -24.0 80.0 -51.0 0.0 1104.0 165.0 50.0 16.0 48.0 0.0 0.0 0.0 1056.0 -11.0 0.0 0.0 0.0 0.0 0.0 0.0 1072.0 22.0 -20.0 0.0 0.0 0.0 0.0 0.0 976.0 -33.0 -10.0 48.0 0.0 -40.0 0.0 0.0 944.0 11.0 40.0 -32.0 0.0 0.0 0.0 0.0 1392.0 -99.0 -40.0 -32.0 -24.0 -40.0 0.0 0.0 1552.0 -11.0 0.0 0.0 0.0 0.0 0.0 0.0 1376.0 88.0 20.0 16.0 0.0 0.0 0.0 0.0 928.0 253.0 -120.0 64.0 -24.0 -40.0 0.0 0.0 608.0 -242.0 110.0 -32.0 0.0 0.0 0.0 0.0 1264.0 -11.0 -10.0 0.0 0.0 0.0 0.0 0.0 1248.0 11.0 0.0 0.0 0.0 0.0 0.0 0.0
-24.0 0.0 0.0 0.0 0.0 0.0 0.0 0.0 0.0 0.0 0.0 0.0 0.0 0.0 0.0 0.0 0.0 0.0 0.0 0.0 0.0 0.0 0.0 0.0 12.0 0.0 -14.0 19.0 -26.0 0.0 0.0 0.0 -36.0 -12.0 0.0 -38.0 0.0 0.0 0.0 0.0 24.0 -12.0 14.0 0.0 0.0 0.0 0.0 0.0 84.0 -60.0 14.0 0.0 0.0 0.0 0.0 0.0 228.0 12.0 0.0 -38.0 0.0 0.0 0.0 0.0 300.0 12.0 -70.0 38.0 -26.0 0.0 0.0 0.0 -48.0 24.0 42.0 19.0 26.0 0.0 0.0 0.0 0.0 0.0 0.0 0.0 0.0 0.0 0.0 0.0 252.0 -72.0 -56.0 0.0 0.0 0.0 0.0 0.0 168.0 -72.0 -98.0 133.0 -26.0 0.0 60.0 0.0 -96.0 84.0 14.0 -57.0 52.0 0.0 0.0 0.0 -12.0 -12.0 -14.0 0.0 0.0 0.0 0.0 0.0 12.0 0.0 0.0 0.0 0.0 0.0 0.0 0.0
0.0 0.0 0.0 0.0 0.0 0.0 0.0 0.0 0.0 0.0 0.0 0.0 0.0 0.0 0.0 0.0 0.0 0.0 0.0 0.0 0.0 0.0 0.0 0.0 -14.0 13.0 0.0 -24.0 40.0 0.0 0.0 0.0 -28.0 13.0 0.0 24.0 0.0 0.0 0.0 0.0 0.0 13.0 16.0 0.0 0.0 0.0 0.0 0.0 -14.0 13.0 16.0 0.0 0.0 0.0 0.0 0.0 0.0 13.0 0.0 -24.0 0.0 0.0 0.0 0.0 42.0 -65.0 64.0 -24.0 0.0 0.0 0.0 0.0 28.0 78.0 32.0 24.0 0.0 0.0 0.0 0.0 -14.0 0.0 -16.0 0.0 0.0 0.0 0.0 0.0 -84.0 -78.0 80.0 -24.0 0.0 0.0 0.0 0.0 42.0 52.0 144.0 24.0 -120.0 57.0 0.0 0.0 0.0 13.0 -32.0 24.0 0.0 -57.0 0.0 0.0 0.0 0.0 0.0 0.0 0.0 0.0 0.0 0.0 0.0 0.0 0.0 0.0 0.0 0.0 0.0 0.0
0.0 0.0 0.0 0.0 0.0 0.0 0.0 0.0 0.0 0.0 0.0 0.0 0.0 0.0 0.0 0.0 0.0 0.0 0.0 0.0 0.0 0.0 0.0 0.0 0.0 0.0 0.0 0.0 0.0 0.0 0.0 0.0 -28.0 0.0 0.0 0.0 0.0 0.0 0.0 0.0 0.0 0.0 -22.0 -29.0 0.0 0.0 0.0 0.0 14.0 0.0 22.0 0.0 0.0 0.0 0.0 0.0 28.0 0.0 0.0 29.0 -51.0 0.0 0.0 0.0 -112.0 34.0 -22.0 0.0 0.0 0.0 0.0 0.0 0.0 -17.0 -22.0 -29.0 0.0 0.0 0.0 0.0 0.0 0.0 0.0 0.0 0.0 0.0 0.0 0.0 -14.0 102.0 -22.0 -29.0 0.0 0.0 0.0 0.0 28.0 0.0 -66.0 -116.0 0.0 87.0 0.0 0.0 -28.0 0.0 0.0 0.0 -51.0 0.0 0.0 0.0 0.0 0.0 0.0 0.0 0.0 0.0 0.0 0.0 0.0 0.0 0.0 0.0 0.0 0.0 0.0 0.0
0.0 0.0 0.0 0.0 0.0 0.0 0.0 0.0 0.0 0.0 0.0 0.0 0.0 0.0 0.0 0.0 0.0 0.0 0.0 0.0 0.0 0.0 0.0 0.0 0.0 0.0 0.0 0.0 0.0 0.0 0.0 0.0 0.0 0.0 0.0 0.0 0.0 0.0 0.0 0.0 0.0 0.0 0.0 0.0 0.0 0.0 0.0 0.0 -18.0 22.0 0.0 0.0 0.0 0.0 0.0 0.0 0.0 -44.0 -37.0 0.0 0.0 0.0 0.0 0.0 18.0 0.0 0.0 0.0 0.0 0.0 0.0 0.0 0.0 0.0 0.0 0.0 0.0 0.0 0.0 0.0 0.0 0.0 0.0 0.0 0.0 0.0 0.0 0.0 36.0 -66.0 -37.0 0.0 0.0 0.0 0.0 0.0 -18.0 -22.0 0.0 56.0 68.0 0.0 0.0 0.0 0.0 0.0 0.0 0.0 0.0 0.0 0.0 0.0 0.0 0.0 0.0 0.0 0.0 0.0 0.0 0.0 0.0 0.0 0.0 0.0 0.0 0.0 0.0 0.0
0.0 0.0 0.0 0.0 0.0 0.0 0.0 0.0 0.0 0.0 0.0 0.0 0.0 0.0 0.0 0.0 0.0 0.0 0.0 0.0 0.0 0.0 0.0 0.0 0.0 0.0 0.0 0.0 0.0 0.0 0.0 0.0 0.0 0.0 0.0 0.0 0.0 0.0 0.0 0.0 0.0 0.0 0.0 0.0 0.0 0.0 0.0 0.0 0.0 0.0 0.0 0.0 0.0 0.0 0.0 0.0 0.0 0.0 0.0 0.0 0.0 0.0 0.0 0.0 24.0 0.0 0.0 0.0 0.0 0.0 0.0 0.0 24.0 0.0 0.0 0.0 0.0 0.0 0.0 0.0 0.0 0.0 0.0 0.0 0.0 0.0 0.0 0.0 -24.0 0.0 55.0 0.0 0.0 0.0 0.0 0.0 0.0 0.0 55.0 0.0 0.0 0.0 0.0 0.0 0.0 0.0 0.0 0.0 0.0 0.0 0.0 0.0 0.0 0.0 0.0 0.0 0.0 0.0 0.0 0.0 0.0 0.0 0.0 0.0 0.0 0.0 0.0 0.0
0.0 0.0 0.0 0.0 0.0 0.0 0.0 0.0 0.0 0.0 0.0 0.0 0.0 0.0 0.0 0.0 0.0 0.0 0.0 0.0 0.0 0.0 0.0 0.0 0.0 0.0 0.0 0.0 0.0 0.0 0.0 0.0 0.0 0.0 0.0 0.0 0.0 0.0 0.0 0.0 0.0 0.0 0.0 0.0 0.0 0.0 0.0 0.0 0.0 0.0 0.0 0.0 0.0 0.0 0.0 0.0 0.0 64.0 0.0 0.0 0.0 0.0 0.0 0.0 0.0 0.0 0.0 0.0 0.0 0.0 0.0 0.0 0.0 0.0 0.0 0.0 0.0 0.0 0.0 0.0 0.0 0.0 0.0 0.0 0.0 0.0 0.0 0.0 0.0 0.0 0.0 0.0 0.0 0.0 0.0 0.0 0.0 0.0 0.0 0.0 0.0 0.0 0.0 0.0 0.0 0.0 0.0 0.0 0.0 0.0 0.0 0.0 0.0 0.0 0.0 0.0 0.0 0.0 0.0 0.0 0.0 0.0 0.0 0.0 0.0 0.0 0.0 0.0
0.0 0.0 0.0 0.0 0.0 0.0 0.0 0.0 0.0 0.0 0.0 0.0 0.0 0.0 0.0 0.0 0.0 0.0 0.0 0.0 0.0 0.0 0.0 0.0 0.0 0.0 0.0 0.0 0.0 0.0 0.0 0.0 0.0 0.0 0.0 0.0 0.0 0.0 0.0 0.0 0.0 0.0 0.0 0.0 0.0 0.0 0.0 0.0 0.0 0.0 0.0 0.0 0.0 0.0 0.0 0.0 0.0 0.0 0.0 0.0 0.0 0.0 0.0 0.0 0.0 0.0 0.0 0.0 0.0 0.0 0.0 0.0 0.0 0.0 0.0 0.0 0.0 0.0 0.0 0.0 0.0 0.0 0.0 0.0 0.0 0.0 0.0 0.0 0.0 0.0 0.0 0.0 0.0 0.0 0.0 0.0 0.0 0.0 0.0 0.0 0.0 0.0 0.0 0.0 0.0 0.0 0.0 0.0 0.0 0.0 0.0 0.0 0.0 0.0 0.0 0.0 0.0 0.0 0.0 0.0 0.0 0.0 0.0 0.0 0.0 0.0 0.0 0.0
864.0 -33.0 60.0 -48.0 24.0 0.0 0.0 0.0 1280.0 66.0 -100.0 32.0 -48.0 0.0 0.0 0.0 720.0 -66.0 -20.0 0.0 0.0 0.0 0.0 0.0 848.0 -66.0 30.0 -32.0 24.0 -40.0 0.0 0.0 1200.0 209.0 20.0 -96.0 -48.0 -40.0 0.0 0.0 928.0 77.0 -30.0 0.0 0.0 0.0 0.0 0.0 592.0 55.0 10.0 -32.0 24.0 0.0 0.0 0.0 544.0 -66.0 60.0 -16.0 24.0 0.0 0.0 0.0 1168.0 -242.0 -50.0 16.0 24.0 0.0 0.0 0.0 1456.0 -33.0 20.0 0.0 0.0 0.0 0.0 0.0 1200.0 352.0 -90.0 -64.0 24.0 0.0 0.0 0.0 928.0 88.0 -150.0 -64.0 0.0 40.0 0.0 0.0 432.0 44.0 20.0 16.0 24.0 0.0 0.0 0.0 960.0 -308.0 -60.0 -16.0 0.0 0.0 0.0 0.0 1296.0 11.0 0.0 0.0 0.0 0.0 0.0 0.0 1248.0 22.0 0.0 0.0 0.0 0.0 0.0 0.0
12.0 -12.0 0.0 0.0 0.0 0.0 0.0 0.0 0.0 0.0 0.0 0.0 0.0 0.0 0.0 0.0 0.0 0.0 0.0 0.0 0.0 0.0 0.0 0.0 24.0 -48.0 70.0 -57.0 52.0 0.0 0.0 0.0 24.0 12.0 42.0 57.0 78.0 58.0 0.0 0.0 84.0 -84.0 28.0 19.0 0.0 0.0 0.0 0.0 96.0 84.0 28.0 0.0 0.0 0.0 0.0 0.0 -12.0 0.0 -98.0 -38.0 26.0 0.0 0.0 0.0 -156.0 -120.0 70.0 19.0 26.0 0.0 0.0 -55.0 0.0 36.0 -14.0 0.0 0.0 0.0 0.0 0.0 12.0 -60.0 56.0 -19.0 0.0 0.0 0.0 0.0 240.0 -144.0 28.0 76.0 -26.0 0.0 0.0 0.0 24.0 24.0 42.0 57.0 26.0 0.0 0.0 0.0 -84.0 -60.0 28.0 57.0 52.0 0.0 0.0 0.0 0.0 0.0 0.0 0.0 0.0 0.0 0.0 0.0 -12.0 0.0 0.0 0.0 0.0 0.0 0.0 0.0
0.0 0.0 0.0 0.0 0.0 0.0 0.0 0.0 0.0 0.0 0.0 0.0 0.0 0.0 0.0 0.0 0.0 0.0 0.0 0.0 0.0 0.0 0.0 0.0 28.0 -39.0 32.0 -24.0 0.0 0.0 0.0 0.0 -28.0 -13.0 16.0 0.0 0.0 -57.0 0.0 0.0 -28.0 26.0 16.0 -24.0 40.0 0.0 0.0 0.0 28.0 13.0 -32.0 24.0 0.0 0.0 0.0 0.0 56.0 -26.0 32.0 0.0 40.0 0.0 0.0 0.0 -42.0 39.0 32.0 0.0 40.0 0.0 0.0 0.0 14.0 -13.0 0.0 24.0 0.0 0.0 0.0 0.0 56.0 0.0 -80.0 72.0 0.0 0.0 0.0 0.0 14.0 -91.0 64.0 -48.0 0.0 0.0 0.0 0.0 28.0 39.0 48.0 24.0 40.0 0.0 0.0 0.0 0.0 26.0 16.0 24.0 0.0 -57.0 0.0 0.0 0.0 0.0 0.0 0.0 0.0 0.0 0.0 0.0 0.0 0.0 0.0 0.0 0.0 0.0 0.0 0.0
0.0 0.0 0.0 0.0 0.0 0.0 0.0 0.0 0.0 0.0 0.0 0.0 0.0 0.0 0.0 0.0 0.0 0.0 0.0 0.0 0.0 0.0 0.0 0.0 0.0 0.0 0.0 0.0 0.0 0.0 0.0 0.0 0.0 0.0 -22.0 0.0 0.0 0.0 0.0 0.0 14.0 0.0 -22.0 29.0 0.0 0.0 0.0 0.0 28.0 17.0 0.0 -29.0 0.0 0.0 0.0 0.0 -28.0 17.0 -22.0 0.0 51.0 0.0 0.0 0.0 -42.0 0.0 0.0 0.0 0.0 0.0 0.0 0.0 0.0 0.0 0.0 0.0 0.0 0.0 0.0 0.0 42.0 -17.0 -44.0 29.0 0.0 0.0 0.0 0.0 -42.0 17.0 44.0 -58.0 0.0 0.0 0.0 0.0 28.0 34.0 44.0 29.0 0.0 0.0 0.0 0.0 -14.0 -17.0 0.0 0.0 0.0 0.0 0.0 0.0 0.0 0.0 0.0 0.0 0.0 0.0 0.0 0.0 0.0 0.0 0.0 0.0 0.0 0.0 0.0 0.0
0.0 0.0 0.0 0.0 0.0 0.0 0.0 0.0 0.0 0.0 0.0 0.0 0.0 0.0 0.0 0.0 0.0 0.0 0.0 0.0 0.0 0.0 0.0 0.0 0.0 0.0 0.0 0.0 0.0 0.0 0.0 0.0 -18.0 0.0 0.0 0.0 0.0 0.0 0.0 0.0 0.0 0.0 0.0 0.0 0.0 0.0 0.0 0.0 18.0 22.0 0.0 0.0 0.0 0.0 0.0 0.0 18.0 0.0 0.0 0.0 0.0 0.0 0.0 0.0 0.0 22.0 0.0 0.0 0.0 0.0 0.0 0.0 0.0 0.0 0.0 0.0 0.0 0.0 0.0 0.0 36.0 -22.0 -37.0 0.0 0.0 0.0 0.0 0.0 -18.0 22.0 0.0 0.0 0.0 0.0 0.0 0.0 18.0 22.0 37.0 0.0 0.0 0.0 0.0 0.0 0.0 0.0 0.0 0.0 0.0 0.0 0.0 0.0 0.0 0.0 0.0 0.0 0.0 0.0 0.0 0.0 0.0 0.0 0.0 0.0 0.0 0.0 0.0 0.0
0.0 0.0 0.0 0.0 0.0 0.0 0.0 0.0 0.0 0.0 0.0 0.0 0.0 0.0 0.0 0.0 0.0 0.0 0.0 0.0 0.0 0.0 0.0 0.0 0.0 0.0 0.0 0.0 0.0 0.0 0.0 0.0 0.0 0.0 0.0 0.0 0.0 0.0 0.0 0.0 0.0 0.0 0.0 0.0 0.0 0.0 0.0 0.0 0.0 0.0 0.0 0.0 0.0 0.0 0.0 0.0 -24.0 35.0 0.0 0.0 0.0 0.0 0.0 0.0 0.0 0.0 0.0 0.0 0.0 0.0 0.0 0.0 0.0 0.0 0.0 0.0 0.0 0.0 0.0 0.0 0.0 0.0 0.0 0.0 0.0 0.0 0.0 0.0 0.0 0.0 0.0 64.0 0.0 0.0 0.0 0.0 0.0 0.0 0.0 0.0 0.0 0.0 0.0 0.0 0.0 0.0 0.0 0.0 0.0 0.0 0.0 0.0 0.0 0.0 0.0 0.0 0.0 0.0 0.0 0.0 0.0 0.0 0.0 0.0 0.0 0.0 0.0 0.0
0.0 0.0 0.0 0.0 0.0 0.0 0.0 0.0 0.0 0.0 0.0 0.0 0.0 0.0 0.0 0.0 0.0 0.0 0.0 0.0 0.0 0.0 0.0 0.0 0.0 0.0 0.0 0.0 0.0 0.0 0.0 0.0 0.0 0.0 0.0 0.0 0.0 0.0 0.0 0.0 0.0 0.0 0.0 0.0 0.0 0.0 0.0 0.0 0.0 0.0 0.0 0.0 0.0 0.0 0.0 0.0 0.0 0.0 0.0 0.0 0.0 0.0 0.0 0.0 0.0 0.0 0.0 0.0 0.0 0.0 0.0 0.0 0.0 0.0 0.0 0.0 0.0 0.0 0.0 0.0 0.0 0.0 0.0 0.0 0.0 0.0 0.0 0.0 0.0 0.0 0.0 0.0 0.0 0.0 0.0 0.0 0.0 0.0 0.0 0.0 0.0 0.0 0.0 0.0 0.0 0.0 0.0 0.0 0.0 0.0 0.0 0.0 0.0 0.0 0.0 0.0 0.0 0.0 0.0 0.0 0.0 0.0 0.0 0.0 0.0 0.0 0.0 0.0
0.0 0.0 0.0 0.0 0.0 0.0 0.0 0.0 0.0 0.0 0.0 0.0 0.0 0.0 0.0 0.0 0.0 0.0 0.0 0.0 0.0 0.0 0.0 0.0 0.0 0.0 0.0 0.0 0.0 0.0 0.0 0.0 0.0 0.0 0.0 0.0 0.0 0.0 0.0 0.0 0.0 0.0 0.0 0.0 0.0 0.0 0.0 0.0 0.0 0.0 0.0 0.0 0.0 0.0 0.0 0.0 0.0 0.0 0.0 0.0 0.0 0.0 0.0 0.0 0.0 0.0 0.0 0.0 0.0 0.0 0.0 0.0 0.0 0.0 0.0 0.0 0.0 0.0 0.0 0.0 0.0 0.0 0.0 0.0 0.0 0.0 0.0 0.0 0.0 0.0 0.0 0.0 0.0 0.0 0.0 0.0 0.0 0.0 0.0 0.0 0.0 0.0 0.0 0.0 0.0 0.0 0.0 0.0 0.0 0.0 0.0 0.0 0.0 0.0 0.0 0.0 0.0 0.0 0.0 0.0 0.0 0.0 0.0 0.0 0.0 0.0 0.0 0.0
832.0 -22.0 50.0 -48.0 24.0 -40.0 0.0 0.0 1296.0 55.0 -110.0 32.0 -48.0 0.0 0.0 0.0 752.0 -66.0 -10.0 16.0 0.0 0.0 0.0 0.0 912.0 -77.0 0.0 0.0 0.0 0.0 0.0 0.0 928.0 44.0 -30.0 16.0 0.0 0.0 0.0 0.0 528.0 66.0 40.0 -16.0 24.0 40.0 -51.0 -61.0 480.0 -44.0 20.0 0.0 48.0 0.0 0.0 0.0 1104.0 -242.0 -40.0 -16.0 0.0 -40.0 -51.0 0.0 1200.0 55.0 0.0 16.0 24.0 0.0 0.0 0.0 1440.0 -121.0 -20.0 -16.0 -24.0 0.0 0.0 0.0 1296.0 319.0 -160.0 64.0 -24.0 0.0 0.0 0.0 608.0 0.0 -210.0 -96.0 120.0 80.0 -51.0 -61.0 512.0 -66.0 90.0 -48.0 24.0 0.0 0.0 0.0 1216.0 -55.0 -50.0 -16.0 0.0 0.0 0.0 0.0 1232.0 11.0 0.0 0.0 0.0 0.0 0.0 0.0 1200.0 22.0 0.0 0.0 0.0 0.0 0.0 0.0
0.0 0.0 0.0 0.0 0.0 0.0 0.0 0.0 0.0 0.0 0.0 0.0 0.0 0.0 0.0 0.0 0.0 0.0 0.0 0.0 0.0 0.0 0.0 0.0 -24.0 36.0 -28.0 19.0 0.0 0.0 0.0 0.0 120.0 0.0 14.0 -114.0 -104.0 -58.0 0.0 0.0 24.0 36.0 42.0 38.0 0.0 0.0 0.0 55.0 0.0 0.0 14.0 0.0 -26.0 0.0 0.0 0.0 -192.0 -108.0 84.0 57.0 0.0 0.0 0.0 0.0 156.0 -48.0 -28.0 0.0 0.0 58.0 0.0 0.0 48.0 24.0 14.0 19.0 26.0 0.0 0.0 0.0 96.0 36.0 -98.0 19.0 0.0 0.0 0.0 0.0 0.0 48.0 0.0 -76.0 -52.0 58.0 0.0 -55.0 -60.0 84.0 -56.0 19.0 -26.0 0.0 0.0 0.0 -24.0 -24.0 -14.0 0.0 0.0 0.0 0.0 0.0 -12.0 -12.0 0.0 0.0 0.0 0.0 0.0 0.0 36.0 -12.0 0.0 0.0 0.0 0.0 0.0 0.0
0.0 0.0 0.0 0.0 0.0 0.0 0.0 0.0 0.0 0.0 0.0 0.0 0.0 0.0 0.0 0.0 0.0 0.0 0.0 0.0 0.0 0.0 0.0 0.0 14.0 -13.0 0.0 0.0 0.0 0.0 0.0 0.0 -28.0 39.0 16.0 -48.0 0.0 0.0 0.0 0.0 28.0 39.0 0.0 24.0 -40.0 0.0 0.0 0.0 14.0 -13.0 16.0 0.0 0.0 0.0 0.0 0.0 0.0 65.0 64.0 48.0 0.0 0.0 0.0 0.0 -70.0 0.0 -64.0 0.0 0.0 0.0 0.0 0.0 -42.0 -39.0 -16.0 -24.0 0.0 0.0 0.0 0.0 -112.0 26.0 64.0 -24.0 0.0 0.0 0.0 0.0 14.0 13.0 16.0 0.0 0.0 0.0 0.0 0.0 0.0 0.0 -16.0 24.0 -40.0 57.0 0.0 0.0 -28.0 0.0 0.0 0.0 0.0 0.0 0.0 0.0 0.0 -26.0 0.0 0.0 0.0 0.0 0.0 0.0 14.0 26.0 0.0 0.0 0.0 0.0 0.0 0.0
0.0 0.0 0.0 0.0 0.0 0.0 0.0 0.0 0.0 0.0 0.0 0.0 0.0 0.0 0.0 0.0 0.0 0.0 0.0 0.0 0.0 0.0 0.0 0.0 0.0 0.0 0.0 0.0 0.0 0.0 0.0 0.0 -14.0 0.0 -22.0 29.0 0.0 0.0 0.0 0.0 14.0 0.0 0.0 0.0 0.0 0.0 0.0 0.0 -14.0 0.0 -44.0 0.0 -51.0 0.0 0.0 0.0 -28.0 0.0 22.0 0.0 51.0 0.0 0.0 0.0 0.0 0.0 44.0 0.0 0.0 0.0 0.0 0.0 14.0 34.0 22.0 0.0 0.0 0.0 0.0 0.0 28.0 17.0 -44.0 0.0 0.0 0.0 0.0 0.0 0.0 0.0 0.0 0.0 0.0 0.0 0.0 0.0 0.0 0.0 0.0 0.0 0.0 0.0 0.0 0.0 -14.0 -17.0 0.0 0.0 0.0 0.0 0.0 0.0 14.0 0.0 0.0 0.0 0.0 0.0 0.0 0.0 -14.0 0.0 0.0 0.0 0.0 0.0 0.0 0.0
0.0 0.0 0.0 0.0 0.0 0.0 0.0 0.0 0.0 0.0 0.0 0.0 0.0 0.0 0.0 0.0 0.0 0.0 0.0 0.0 0.0 0.0 0.0 0.0 0.0 0.0 0.0 0.0 0.0 0.0 0.0 0.0 36.0 22.0 0.0 -56.0 0.0 0.0 0.0 0.0 0.0 -22.0 0.0 0.0 0.0 0.0 0.0 0.0 0.0 0.0 37.0 0.0 0.0 0.0 0.0 0.0 -36.0 0.0 0.0 0.0 0.0 0.0 0.0 0.0 36.0 -22.0 0.0 0.0 0.0 0.0 0.0 0.0 -18.0 -22.0 0.0 0.0 0.0 0.0 0.0 0.0 0.0 -22.0 37.0 0.0 0.0 0.0 0.0 0.0 0.0 0.0 0.0 0.0 0.0 0.0 0.0 0.0 0.0 0.0 0.0 0.0 0.0 0.0 0.0 0.0 0.0 0.0 0.0 0.0 0.0 0.0 0.0 0.0 0.0 0.0 0.0 0.0 0.0 0.0 0.0 0.0 0.0 0.0 0.0 0.0 0.0 0.0 0.0 0.0
0.0 0.0 0.0 0.0 0.0 0.0 0.0 0.0 0.0 0.0 0.0 0.0 0.0 0.0 0.0 0.0 0.0 0.0 0.0 0.0 0.0 0.0 0.0 0.0 0.0 0.0 0.0 0.0 0.0 0.0 0.0 0.0 -24.0 -35.0 0.0 0.0 0.0 0.0 0.0 0.0 0.0 0.0 0.0 0.0 0.0 0.0 0.0 0.0 0.0 0.0 0.0 0.0 0.0 0.0 0.0 0.0 0.0 0.0 0.0 0.0 0.0 0.0 0.0 0.0 -24.0 35.0 0.0 0.0 0.0 0.0 0.0 0.0 0.0 0.0 0.0 0.0 0.0 0.0 0.0 0.0 0.0 35.0 0.0 0.0 0.0 0.0 0.0 0.0 0.0 0.0 0.0 0.0 0.0 0.0 0.0 0.0 0.0 0.0 0.0 0.0 0.0 0.0 0.0 0.0 0.0 0.0 0.0 0.0 0.0 0.0 0.0 0.0 0.0 0.0 0.0 0.0 0.0 0.0 0.0 0.0 0.0 0.0 0.0 0.0 0.0 0.0 0.0 0.0
0.0 0.0 0.0 0.0 0.0 0.0 0.0 0.0 0.0 0.0 0.0 0.0 0.0 0.0 0.0 0.0 0.0 0.0 0.0 0.0 0.0 0.0 0.0 0.0 0.0 0.0 0.0 0.0 0.0 0.0 0.0 0.0 0.0 0.0 0.0 0.0 0.0 0.0 0.0 0.0 0.0 0.0 0.0 0.0 0.0 0.0 0.0 0.0 0.0 0.0 0.0 0.0 0.0 0.0 0.0 0.0 0.0 0.0 0.0 0.0 0.0 0.0 0.0 0.0 0.0 0.0 78.0 0.0 0.0 0.0 0.0 0.0 0.0 0.0 0.0 0.0 0.0 0.0 0.0 0.0 0.0 0.0 0.0 0.0 0.0 0.0 0.0 0.0 0.0 0.0 0.0 0.0 0.0 0.0 0.0 0.0 0.0 0.0 0.0 0.0 0.0 0.0 0.0 0.0 0.0 0.0 0.0 0.0 0.0 0.0 0.0 0.0 0.0 0.0 0.0 0.0 0.0 0.0 0.0 0.0 0.0 0.0 0.0 0.0 0.0 0.0 0.0 0.0
0.0 0.0 0.0 0.0 0.0 0.0 0.0 0.0 0.0 0.0 0.0 0.0 0.0 0.0 0.0 0.0 0.0 0.0 0.0 0.0 0.0 0.0 0.0 0.0 0.0 0.0 0.0 0.0 0.0 0.0 0.0 0.0 0.0 0.0 0.0 0.0 0.0 0.0 0.0 0.0 0.0 0.0 0.0 0.0 0.0 0.0 0.0 0.0 0.0 0.0 0.0 0.0 0.0 0.0 0.0 0.0 0.0 0.0 0.0 0.0 0.0 0.0 0.0 0.0 0.0 0.0 0.0 0.0 0.0 0.0 0.0 0.0 0.0 0.0 0.0 0.0 0.0 0.0 0.0 0.0 0.0 0.0 0.0 0.0 0.0 0.0 0.0 0.0 0.0 0.0 0.0 0.0 0.0 0.0 0.0 0.0 0.0 0.0 0.0 0.0 0.0 0.0 0.0 0.0 0.0 0.0 0.0 0.0 0.0 0.0 0.0 0.0 0.0 0.0 0.0 0.0 0.0 0.0 0.0 0.0 0.0 0.0 0.0 0.0 0.0 0.0 0.0 0.0
752.0 11.0 50.0 -64.0 48.0 -40.0 0.0 0.0 1312.0 44.0 -120.0 16.0 -48.0 0.0 0.0 0.0 784.0 -66.0 -20.0 16.0 0.0 0.0 0.0 0.0 912.0 -11.0 -90.0 32.0 48.0 0.0 0.0 0.0 640.0 33.0 100.0 0.0 0.0 0.0 51.0 0.0 528.0 143.0 80.0 16.0 -48.0 -40.0 -51.0 0.0 768.0 -341.0 90.0 0.0 0.0 0.0 0.0 0.0 1120.0 176.0 -60.0 16.0 0.0 0.0 0.0 0.0 960.0 -88.0 -70.0 80.0 24.0 -40.0 0.0 0.0 1248.0 -209.0 -20.0 96.0 -72.0 40.0 0.0 0.0 768.0 176.0 -50.0 32.0 48.0 0.0 0.0 0.0 640.0 -77.0 -210.0 80.0 72.0 -40.0 -51.0 61.0 720.0 -308.0 80.0 32.0 -24.0 0.0 0.0 0.0 1232.0 11.0 10.0 0.0 0.0 0.0 0.0 0.0 1200.0 22.0 0.0 0.0 0.0 0.0 0.0 0.0 1248.0 -33.0 0.0 0.0 0.0 0.0 0.0 0.0
24.0 -12.0 0.0 0.0 0.0 0.0 0.0 0.0 -12.0 12.0 0.0 0.0 0.0 0.0 0.0 0.0 -36.0 12.0 0.0 0.0 0.0 0.0 0.0 0.0 144.0 -156.0 -56.0 19.0 0.0 0.0 0.0 0.0 12.0 36.0 0.0 38.0 26.0 0.0 0.0 0.0 -12.0 -36.0 -14.0 38.0 0.0 0.0 0.0 -55.0 -144.0 108.0 112.0 -76.0 0.0 0.0 0.0 0.0 24.0 192.0 -84.0 -19.0 0.0 0.0 0.0 0.0 -264.0 -24.0 0.0 19.0 26.0 -58.0 0.0 0.0 0.0 0.0 -14.0 -38.0 26.0 0.0 0.0 0.0 -120.0 -36.0 14.0 19.0 52.0 0.0 0.0 0.0 -12.0 12.0 14.0 -38.0 26.0 58.0 0.0 0.0 -72.0 36.0 56.0 -38.0 -26.0 58.0 0.0 0.0 12.0 0.0 0.0 0.0 0.0 0.0 0.0 0.0 36.0 -12.0 0.0 0.0 0.0 0.0 0.0 0.0 -120.0 60.0 28.0 19.0 0.0 0.0 0.0 0.0
0.0 0.0 0.0 0.0 0.0 0.0 0.0 0.0 0.0 0.0 0.0 0.0 0.0 0.0 0.0 0.0 14.0 -26.0 16.0 -24.0 0.0 0.0 0.0 0.0 -42.0 26.0 128.0 -48.0 0.0 0.0 0.0 0.0 56.0 52.0 64.0 0.0 0.0 0.0 0.0 0.0 0.0 0.0 -32.0 0.0 0.0 0.0 0.0 0.0 14.0 65.0 -32.0 -24.0 0.0 0.0 0.0 0.0 28.0 -104.0 -64.0 0.0 0.0 0.0 0.0 0.0 -84.0 52.0 80.0 -72.0 0.0 0.0 0.0 0.0 42.0 -13.0 48.0 -48.0 40.0 0.0 0.0 0.0 14.0 26.0 96.0 24.0 -40.0 0.0 0.0 0.0 0.0 13.0 0.0 0.0 0.0 0.0 0.0 0.0 0.0 13.0 0.0 -24.0 0.0 0.0 0.0 0.0 0.0 0.0 0.0 0.0 0.0 0.0 0.0 0.0 0.0 0.0 0.0 0.0 0.0 0.0 0.0 0.0 70.0 39.0 -32.0 0.0 0.0 0.0 0.0 0.0
14.0 0.0 0.0 0.0 0.0 0.0 0.0 0.0 0.0 0.0 0.0 0.0 0.0 0.0 0.0 0.0 0.0 17.0 -22.0 29.0 0.0 0.0 0.0 0.0 0.0 51.0 -22.0 -29.0 0.0 -87.0 0.0 0.0 42.0 17.0 22.0 -29.0 -51.0 0.0 0.0 0.0 0.0 17.0 -22.0 -29.0 0.0 0.0 0.0 0.0 -14.0 0.0 22.0 29.0 51.0 0.0 0.0 0.0 42.0 -51.0 22.0 58.0 0.0 0.0 0.0 0.0 -28.0 0.0 66.0 -58.0 0.0 0.0 0.0 0.0 0.0 0.0 0.0 0.0 0.0 0.0 0.0 0.0 14.0 68.0 66.0 -29.0 -51.0 0.0 0.0 0.0 0.0 0.0 0.0 0.0 0.0 0.0 0.0 0.0 0.0 0.0 0.0 0.0 0.0 0.0 0.0 0.0 0.0 0.0 0.0 0.0 0.0 0.0 0.0 0.0 0.0 0.0 0.0 0.0 0.0 0.0 0.0 0.0 14.0 -51.0 0.0 0.0 0.0 0.0 0.0 0.0
0.0 0.0 0.0 0.0 0.0 0.0 0.0 0.0 0.0 0.0 0.0 0.0 0.0 0.0 0.0 0.0 0.0 0.0 0.0 0.0 0.0 0.0 0.0 0.0 -18.0 -66.0 -37.0 56.0 0.0 0.0 0.0 0.0 0.0 -22.0 0.0 -56.0 0.0 0.0 0.0 0.0 -18.0 -22.0 0.0 0.0 0.0 0.0 0.0 0.0 -18.0 22.0 0.0 0.0 0.0 0.0 0.0 77.0 18.0 -22.0 0.0 0.0 -68.0 0.0 0.0 0.0 54.0 0.0 0.0 0.0 0.0 0.0 0.0 0.0 -18.0 22.0 0.0 0.0 0.0 0.0 0.0 0.0 54.0 44.0 0.0 0.0 0.0 0.0 0.0 0.0 0.0 0.0 0.0 0.0 0.0 0.0 0.0 0.0 0.0 0.0 0.0 0.0 0.0 0.0 0.0 0.0 0.0 0.0 0.0 0.0 0.0 0.0 0.0 0.0 0.0 0.0 0.0 0.0 0.0 0.0 0.0 0.0 0.0 0.0 37.0 0.0 0.0 0.0 0.0 0.0
0.0 0.0 0.0 0.0 0.0 0.0 0.0 0.0 0.0 0.0 0.0 0.0 0.0 0.0 0.0 0.0 0.0 0.0 0.0 0.0 0.0 0.0 0.0 0.0 -24.0 0.0 55.0 64.0 0.0 0.0 0.0 0.0 24.0 35.0 0.0 0.0 0.0 0.0 0.0 0.0 0.0 0.0 0.0 0.0 0.0 0.0 0.0 0.0 -24.0 0.0 0.0 0.0 0.0 0.0 0.0 0.0 0.0 0.0 0.0 0.0 0.0 0.0 0.0 0.0 0.0 -35.0 55.0 0.0 0.0 0.0 0.0 0.0 0.0 0.0 0.0 0.0 0.0 0.0 0.0 0.0 0.0 0.0 0.0 0.0 0.0 0.0 0.0 0.0 0.0 0.0 0.0 0.0 0.0 0.0 0.0 0.0 0.0 0.0 0.0 0.0 0.0 0.0 0.0 0.0 0.0 0.0 0.0 0.0 0.0 0.0 0.0 0.0 0.0 0.0 0.0 0.0 0.0 0.0 0.0 0.0 0.0 0.0 0.0 0.0 0.0 0.0 0.0 0.0
0.0 0.0 0.0 0.0 0.0 0.0 0.0 0.0 0.0 0.0 0.0 0.0 0.0 0.0 0.0 0.0 0.0 0.0 0.0 0.0 0.0 0.0 0.0 0.0 0.0 0.0 0.0 -87.0 0.0 0.0 0.0 0.0 0.0 0.0 0.0 0.0 0.0 0.0 0.0 0.0 0.0 0.0 0.0 0.0 0.0 0.0 0.0 0.0 0.0 0.0 0.0 0.0 0.0 0.0 0.0 0.0 0.0 0.0 0.0 0.0 0.0 0.0 0.0 0.0 0.0 0.0 0.0 0.0 0.0 0.0 0.0 0.0 0.0 0.0 0.0 0.0 0.0 0.0 0.0 0.0 0.0 0.0 0.0 0.0 0.0 0.0 0.0 0.0 0.0 0.0 0.0 0.0 0.0 0.0 0.0 0.0 0.0 0.0 0.0 0.0 0.0 0.0 0.0 0.0 0.0 0.0 0.0 0.0 0.0 0.0 0.0 0.0 0.0 0.0 0.0 0.0 0.0 0.0 0.0 0.0 0.0 0.0 0.0 0.0 0.0 0.0 0.0 0.0
0.0 0.0 0.0 0.0 0.0 0.0 0.0 0.0 0.0 0.0 0.0 0.0 0.0 0.0 0.0 0.0 0.0 0.0 0.0 0.0 0.0 0.0 0.0 0.0 0.0 0.0 0.0 0.0 0.0 0.0 0.0 0.0 0.0 0.0 0.0 0.0 0.0 0.0 0.0 0.0 0.0 0.0 0.0 0.0 0.0 0.0 0.0 0.0 0.0 0.0 0.0 0.0 0.0 0.0 0.0 0.0 0.0 0.0 0.0 0.0 0.0 0.0 0.0 0.0 0.0 0.0 0.0 0.0 0.0 0.0 0.0 0.0 0.0 0.0 0.0 0.0 0.0 0.0 0.0 0.0 0.0 0.0 0.0 0.0 0.0 0.0 0.0 0.0 0.0 0.0 0.0 0.0 0.0 0.0 0.0 0.0 0.0 0.0 0.0 0.0 0.0 0.0 0.0 0.0 0.0 0.0 0.0 0.0 0.0 0.0 0.0 0.0 0.0 0.0 0.0 0.0 0.0 0.0 0.0 0.0 0.0 0.0 0.0 0.0 0.0 0.0 0.0 0.0
608.0 0.0 70.0 -64.0 72.0 -40.0 0.0 0.0 1312.0 33.0 -110.0 16.0 -48.0 0.0 0.0 0.0 816.0 -66.0 -70.0 32.0 0.0 40.0 0.0 0.0 736.0 -11.0 110.0 -32.0 24.0 -40.0 0.0 0.0 512.0 11.0 120.0 0.0 24.0 0.0 0.0 0.0 624.0 88.0 -50.0 -96.0 24.0 0.0 0.0 0.0 864.0 143.0 -100.0 -96.0 -24.0 -40.0 0.0 0.0 1088.0 -132.0 -10.0 -16.0 0.0 0.0 0.0 0.0 1296.0 55.0 -50.0 16.0 -24.0 0.0 0.0 0.0 1264.0 -220.0 120.0 16.0 -48.0 40.0 0.0 0.0 976.0 264.0 -80.0 64.0 -24.0 0.0 0.0 0.0 640.0 -99.0 -150.0 208.0 -72.0 -80.0 51.0 61.0 976.0 -297.0 -130.0 -16.0 0.0 0.0 0.0 0.0 1200.0 22.0 0.0 0.0 0.0 0.0 0.0 0.0 1280.0 -143.0 40.0 16.0 0.0 0.0 0.0 0.0 1600.0 -11.0 -10.0 0.0 0.0 0.0 0.0 0.0
36.0 0.0 0.0 0.0 0.0 0.0 0.0 0.0 12.0 0.0 0.0 0.0 0.0 0.0 0.0 0.0 24.0 -48.0 56.0 0.0 0.0 0.0 0.0 0.0 -12.0 36.0 14.0 0.0 -26.0 0.0 0.0 0.0 12.0 0.0 0.0 38.0 -26.0 0.0 0.0 0.0 -48.0 48.0 -84.0 19.0 26.0 0.0 0.0 0.0 96.0 -132.0 -238.0 57.0 52.0 0.0 0.0 0.0 24.0 -24.0 0.0 0.0 0.0 0.0 0.0 0.0 60.0 0.0 14.0 0.0 0.0 0.0 0.0 0.0 24.0 12.0 -14.0 57.0 -26.0 0.0 0.0 0.0 48.0 -36.0 14.0 19.0 -26.0 0.0 0.0 0.0 -12.0 24.0 -56.0 -19.0 78.0 -58.0 0.0 0.0 -72.0 -48.0 42.0 57.0 52.0 0.0 0.0 0.0 12.0 0.0 0.0 0.0 0.0 0.0 0.0 0.0 -72.0 60.0 56.0 -38.0 0.0 0.0 0.0 0.0 -36.0 0.0 14.0 0.0 0.0 0.0 0.0 0.0
14.0 13.0 0.0 0.0 0.0 0.0 0.0 0.0 0.0 0.0 0.0 0.0 0.0 0.0 0.0 0.0 0.0 0.0 16.0 0.0 0.0 0.0 0.0 0.0 0.0 13.0 16.0 0.0 0.0 0.0 0.0 0.0 42.0 -13.0 32.0 0.0 0.0 0.0 0.0 0.0 0.0 0.0 144.0 0.0 -40.0 0.0 -69.0 0.0 -28.0 -104.0 32.0 120.0 -80.0 -57.0 0.0 0.0 0.0 0.0 0.0 0.0 0.0 0.0 0.0 0.0 -14.0 0.0 0.0 0.0 0.0 0.0 0.0 0.0 0.0 0.0 0.0 0.0 0.0 0.0 0.0 0.0 -14.0 0.0 16.0 0.0 0.0 0.0 0.0 0.0 0.0 0.0 16.0 -24.0 0.0 0.0 0.0 0.0 -14.0 13.0 16.0 0.0 0.0 0.0 0.0 0.0 0.0 0.0 0.0 0.0 0.0 0.0 0.0 0.0 0.0 26.0 -32.0 -24.0 40.0 0.0 0.0 0.0 0.0 13.0 0.0 0.0 0.0 0.0 0.0 0.0
0.0 0.0 0.0 0.0 0.0 0.0 0.0 0.0 0.0 0.0 0.0 0.0 0.0 0.0 0.0 0.0 14.0 0.0 -22.0 0.0 0.0 0.0 0.0 0.0 28.0 17.0 22.0 0.0 0.0 0.0 0.0 0.0 28.0 0.0 22.0 0.0 0.0 0.0 0.0 0.0 28.0 51.0 0.0 0.0 0.0 0.0 0.0 -62.0 14.0 0.0 22.0 0.0 -51.0 87.0 80.0 0.0 0.0 0.0 0.0 0.0 0.0 0.0 0.0 0.0 0.0 0.0 0.0 0.0 0.0 0.0 0.0 0.0 -14.0 -17.0 0.0 0.0 0.0 0.0 0.0 0.0 0.0 0.0 0.0 0.0 0.0 0.0 0.0 0.0 0.0 0.0 0.0 0.0 0.0 0.0 0.0 0.0 -14.0 0.0 0.0 0.0 0.0 0.0 0.0 0.0 0.0 0.0 0.0 0.0 0.0 0.0 0.0 0.0 -14.0 0.0 0.0 29.0 0.0 0.0 0.0 0.0 0.0 0.0 0.0 0.0 0.0 0.0 0.0 0.0
0.0 0.0 0.0 0.0 0.0 0.0 0.0 0.0 0.0 0.0 0.0 0.0 0.0 0.0 0.0 0.0 0.0 0.0 0.0 0.0 0.0 0.0 0.0 0.0 18.0 44.0 0.0 0.0 0.0 0.0 0.0 0.0 18.0 0.0 0.0 0.0 0.0 0.0 0.0 0.0 18.0 -22.0 0.0 56.0 0.0 0.0 0.0 0.0 0.0 -22.0 0.0 0.0 0.0 109.0 0.0 0.0 0.0 0.0 0.0 0.0 0.0 0.0 0.0 0.0 0.0 0.0 0.0 0.0 0.0 0.0 0.0 0.0 0.0 0.0 0.0 0.0 0.0 0.0 0.0 0.0 0.0 0.0 0.0 0.0 0.0 0.0 0.0 0.0 0.0 0.0 0.0 0.0 0.0 0.0 0.0 0.0 0.0 0.0 0.0 0.0 0.0 0.0 0.0 0.0 0.0 0.0 0.0 0.0 0.0 0.0 0.0 0.0 0.0 0.0 0.0 0.0 0.0 0.0 0.0 0.0 0.0 0.0 0.0 0.0 0.0 0.0 0.0 0.0
0.0 0.0 0.0 0.0 0.0 0.0 0.0 0.0 0.0 0.0 0.0 0.0 0.0 0.0 0.0 0.0 -24.0 0.0 0.0 0.0 0.0 0.0 0.0 0.0 24.0 35.0 0.0 0.0 0.0 0.0 0.0 0.0 0.0 0.0 0.0 0.0 0.0 0.0 0.0 0.0 0.0 35.0 0.0 0.0 0.0 0.0 0.0 0.0 0.0 0.0 0.0 0.0 0.0 0.0 0.0 0.0 0.0 0.0 0.0 0.0 0.0 0.0 0.0 0.0 0.0 0.0 0.0 0.0 0.0 0.0 0.0 0.0 0.0 0.0 0.0 0.0 0.0 0.0 0.0 0.0 0.0 0.0 0.0 0.0 0.0 0.0 0.0 0.0 0.0 0.0 0.0 0.0 0.0 0.0 0.0 0.0 0.0 0.0 0.0 0.0 0.0 0.0 0.0 0.0 0.0 0.0 0.0 0.0 0.0 0.0 0.0 0.0 0.0 0.0 0.0 0.0 0.0 0.0 0.0 0.0 0.0 0.0 0.0 0.0 0.0 0.0 0.0 0.0
0.0 0.0 0.0 0.0 0.0 0.0 0.0 0.0 0.0 0.0 0.0 0.0 0.0 0.0 0.0 0.0 0.0 0.0 0.0 0.0 0.0 0.0 0.0 0.0 0.0 0.0 0.0 0.0 0.0 0.0 0.0 0.0 0.0 0.0 0.0 0.0 0.0 0.0 0.0 0.0 0.0 0.0 0.0 0.0 0.0 0.0 0.0 0.0 0.0 0.0 0.0 0.0 0.0 0.0 0.0 0.0 0.0 0.0 0.0 0.0 0.0 0.0 0.0 0.0 0.0 0.0 0.0 0.0 0.0 0.0 0.0 0.0 0.0 0.0 0.0 0.0 0.0 0.0 0.0 0.0 0.0 0.0 0.0 0.0 0.0 0.0 0.0 0.0 0.0 0.0 0.0 0.0 0.0 0.0 0.0 0.0 0.0 0.0 0.0 0.0 0.0 0.0 0.0 0.0 0.0 0.0 0.0 0.0 0.0 0.0 0.0 0.0 0.0 0.0 0.0 0.0 0.0 0.0 0.0 0.0 0.0 0.0 0.0 0.0 0.0 0.0 0.0 0.0
0.0 0.0 0.0 0.0 0.0 0.0 0.0 0.0 0.0 0.0 0.0 0.0 0.0 0.0 0.0 0.0 0.0 0.0 0.0 0.0 0.0 0.0 0.0 0.0 0.0 0.0 0.0 0.0 0.0 0.0 0.0 0.0 0.0 0.0 0.0 0.0 0.0 0.0 0.0 0.0 0.0 0.0 0.0 0.0 0.0 0.0 0.0 0.0 0.0 0.0 0.0 0.0 0.0 0.0 0.0 0.0 0.0 0.0 0.0 0.0 0.0 0.0 0.0 0.0 0.0 0.0 0.0 0.0 0.0 0.0 0.0 0.0 0.0 0.0 0.0 0.0 0.0 0.0 0.0 0.0 0.0 0.0 0.0 0.0 0.0 0.0 0.0 0.0 0.0 0.0 0.0 0.0 0.0 0.0 0.0 0.0 0.0 0.0 0.0 0.0 0.0 0.0 0.0 0.0 0.0 0.0 0.0 0.0 0.0 0.0 0.0 0.0 0.0 0.0 0.0 0.0 0.0 0.0 0.0 0.0 0.0 0.0 0.0 0.0 0.0 0.0 0.0 0.0
640.0 -88.0 100.0 -80.0 48.0 0.0 0.0 0.0 1312.0 22.0 -90.0 32.0 -48.0 0.0 0.0 0.0 752.0 22.0 -90.0 48.0 24.0 -40.0 51.0 0.0 656.0 -44.0 60.0 16.0 24.0 0.0 0.0 0.0 704.0 55.0 40.0 -16.0 0.0 -40.0 0.0 0.0 880.0 44.0 40.0 -16.0 -24.0 0.0 0.0 0.0 528.0 -66.0 100.0 -16.0 24.0 80.0 -51.0 0.0 1040.0 -88.0 -20.0 -16.0 -24.0 0.0 0.0 0.0 1152.0 11.0 -10.0 16.0 0.0 0.0 0.0 0.0 1200.0 -99.0 -10.0 16.0 0.0 40.0 0.0 0.0 704.0 275.0 90.0 -32.0 0.0 0.0 0.0 0.0 672.0 -154.0 90.0 96.0 -144.0 80.0 0.0 -61.0 1168.0 -55.0 -70.0 -32.0 -24.0 0.0 0.0 0.0 1168.0 22.0 -10.0 0.0 0.0 0.0 0.0 0.0 1472.0 -187.0 -90.0 -32.0 0.0 0.0 0.0 0.0 1680.0 -11.0 0.0 0.0 0.0 0.0 0.0 0.0
12.0 48.0 0.0 0.0 0.0 0.0 0.0 0.0 -12.0 0.0 0.0 0.0 0.0 0.0 0.0 0.0 0.0 -12.0 14.0 19.0 0.0 0.0 0.0 0.0 36.0 12.0 14.0 -38.0 26.0 0.0 -60.0 0.0 -108.0 120.0 14.0 114.0 0.0 -58.0 0.0 0.0 -24.0 -264.0 70.0 -19.0 -52.0 58.0 0.0 0.0 24.0 48.0 70.0 57.0 0.0 0.0 0.0 0.0 12.0 0.0 14.0 0.0 0.0 0.0 0.0 0.0 72.0 0.0 -42.0 0.0 0.0 0.0 0.0 0.0 -12.0 -60.0 84.0 0.0 0.0 0.0 0.0 0.0 84.0 60.0 -84.0 -38.0 26.0 0.0 0.0 0.0 0.0 0.0 -70.0 76.0 -52.0 0.0 0.0 0.0 -36.0 -48.0 -42.0 -19.0 -26.0 0.0 0.0 0.0 12.0 0.0 0.0 0.0 0.0 0.0 0.0 0.0 -36.0 0.0 14.0 19.0 26.0 0.0 0.0 0.0 -12.0 0.0 0.0 0.0 0.0 0.0 0.0 0.0
-28.0 13.0 -16.0 0.0 0.0 0.0 0.0 0.0 0.0 0.0 0.0 0.0 0.0 0.0 0.0 0.0 0.0 13.0 16.0 -24.0 0.0 0.0 0.0 0.0 14.0 -13.0 -16.0 0.0 0.0 0.0 0.0 0.0 14.0 -78.0 64.0 0.0 40.0 0.0 0.0 0.0 -70.0 -13.0 144.0 24.0 80.0 0.0 0.0 0.0 14.0 52.0 32.0 48.0 40.0 0.0 0.0 0.0 -14.0 -13.0 0.0 0.0 0.0 0.0 0.0 0.0 -56.0 26.0 16.0 0.0 0.0 0.0 0.0 0.0 -154.0 0.0 64.0 -24.0 40.0 0.0 0.0 0.0 0.0 -26.0 -16.0 24.0 40.0 0.0 0.0 0.0 0.0 -13.0 -16.0 0.0 0.0 0.0 0.0 0.0 -14.0 -13.0 -16.0 0.0 0.0 0.0 0.0 0.0 0.0 0.0 0.0 0.0 0.0 0.0 0.0 0.0 0.0 0.0 0.0 0.0 0.0 0.0 0.0 0.0 0.0 0.0 0.0 0.0 0.0 0.0 0.0 0.0
-14.0 17.0 0.0 0.0 0.0 0.0 0.0 0.0 0.0 0.0 0.0 0.0 0.0 0.0 0.0 0.0 14.0 -17.0 0.0 0.0 0.0 0.0 0.0 0.0 -14.0 34.0 22.0 0.0 51.0 0.0 0.0 0.0 -42.0 34.0 -22.0 -58.0 51.0 0.0 -80.0 62.0 -14.0 34.0 22.0 0.0 -102.0 0.0 0.0 0.0 14.0 34.0 44.0 29.0 0.0 0.0 0.0 0.0 0.0 0.0 0.0 0.0 0.0 0.0 0.0 0.0 14.0 0.0 -22.0 0.0 0.0 0.0 0.0 0.0 84.0 0.0 -22.0 0.0 0.0 0.0 0.0 0.0 14.0 0.0 0.0 0.0 0.0 0.0 0.0 0.0 0.0 0.0 0.0 0.0 0.0 0.0 0.0 0.0 0.0 0.0 0.0 0.0 0.0 0.0 0.0 0.0 0.0 0.0 0.0 0.0 0.0 0.0 0.0 0.0 0.0 0.0 0.0 0.0 0.0 0.0 0.0 0.0 0.0 0.0 0.0 0.0 0.0 0.0 0.0 0.0
0.0 0.0 0.0 0.0 0.0 0.0 0.0 0.0 0.0 0.0 0.0 0.0 0.0 0.0 0.0 0.0 0.0 0.0 0.0 0.0 0.0 0.0 0.0 0.0 18.0 0.0 37.0 0.0 0.0 0.0 0.0 0.0 0.0 0.0 0.0 0.0 0.0 0.0 0.0 0.0 0.0 22.0 -37.0 0.0 -68.0 109.0 0.0 0.0 18.0 22.0 0.0 0.0 0.0 0.0 0.0 0.0 0.0 0.0 0.0 0.0 0.0 0.0 0.0 0.0 -18.0 22.0 0.0 0.0 0.0 0.0 0.0 0.0 -18.0 0.0 0.0 0.0 0.0 0.0 0.0 0.0 0.0 0.0 0.0 0.0 0.0 0.0 0.0 0.0 0.0 0.0 0.0 0.0 0.0 0.0 0.0 0.0 0.0 0.0 0.0 0.0 0.0 0.0 0.0 0.0 0.0 0.0 0.0 0.0 0.0 0.0 0.0 0.0 0.0 0.0 0.0 0.0 0.0 0.0 0.0 0.0 0.0 0.0 0.0 0.0 0.0 0.0 0.0 0.0
0.0 0.0 0.0 0.0 0.0 0.0 0.0 0.0 0.0 0.0 0.0 0.0 0.0 0.0 0.0 0.0 0.0 0.0 0.0 0.0 0.0 0.0 0.0 0.0 0.0 0.0 0.0 0.0 0.0 0.0 0.0 0.0 0.0 0.0 0.0 0.0 0.0 0.0 0.0 0.0 0.0 0.0 0.0 0.0 0.0 0.0 0.0 0.0 0.0 0.0 0.0 0.0 0.0 0.0 0.0 0.0 0.0 0.0 0.0 0.0 0.0 0.0 0.0 0.0 24.0 0.0 0.0 0.0 0.0 0.0 0.0 0.0 48.0 0.0 0.0 0.0 0.0 0.0 0.0 0.0 0.0 0.0 0.0 0.0 0.0 0.0 0.0 0.0 0.0 0.0 0.0 0.0 0.0 0.0 0.0 0.0 0.0 0.0 0.0 0.0 0.0 0.0 0.0 0.0 0.0 0.0 0.0 0.0 0.0 0.0 0.0 0.0 0.0 0.0 0.0 0.0 0.0 0.0 0.0 0.0 0.0 0.0 0.0 0.0 0.0 0.0 0.0 0.0
0.0 0.0 0.0 0.0 0.0 0.0 0.0 0.0 0.0 0.0 0.0 0.0 0.0 0.0 0.0 0.0 0.0 0.0 0.0 0.0 0.0 0.0 0.0 0.0 0.0 0.0 0.0 0.0 0.0 0.0 0.0 0.0 0.0 0.0 0.0 0.0 0.0 0.0 0.0 0.0 0.0 0.0 0.0 0.0 0.0 0.0 0.0 0.0 0.0 0.0 0.0 0.0 0.0 0.0 0.0 0.0 0.0 0.0 0.0 0.0 0.0 0.0 0.0 0.0 0.0 0.0 0.0 0.0 0.0 0.0 0.0 0.0 0.0 0.0 0.0 0.0 0.0 0.0 0.0 0.0 0.0 0.0 0.0 0.0 0.0 0.0 0.0 0.0 0.0 0.0 0.0 0.0 0.0 0.0 0.0 0.0 0.0 0.0 0.0 0.0 0.0 0.0 0.0 0.0 0.0 0.0 0.0 0.0 0.0 0.0 0.0 0.0 0.0 0.0 0.0 0.0 0.0 0.0 0.0 0.0 0.0 0.0 0.0 0.0 0.0 0.0 0.0 0.0
0.0 0.0 0.0 0.0 0.0 0.0 0.0 0.0 0.0 0.0 0.0 0.0 0.0 0.0 0.0 0.0 0.0 0.0 0.0 0.0 0.0 0.0 0.0 0.0 0.0 0.0 0.0 0.0 0.0 0.0 0.0 0.0 0.0 0.0 0.0 0.0 0.0 0.0 0.0 0.0 0.0 0.0 0.0 0.0 0.0 0.0 0.0 0.0 0.0 0.0 0.0 0.0 0.0 0.0 0.0 0.0 0.0 0.0 0.0 0.0 0.0 0.0 0.0 0.0 0.0 0.0 0.0 0.0 0.0 0.0 0.0 0.0 0.0 0.0 0.0 0.0 0.0 0.0 0.0 0.0 0.0 0.0 0.0 0.0 0.0 0.0 0.0 0.0 0.0 0.0 0.0 0.0 0.0 0.0 0.0 0.0 0.0 0.0 0.0 0.0 0.0 0.0 0.0 0.0 0.0 0.0 0.0 0.0 0.0 0.0 0.0 0.0 0.0 0.0 0.0 0.0 0.0 0.0 0.0 0.0 0.0 0.0 0.0 0.0 0.0 0.0 0.0 0.0
592.0 -198.0 90.0 -16.0 0.0 0.0 0.0 0.0 1328.0 22.0 -100.0 16.0 -48.0 0.0 0.0 0.0 704.0 55.0 -50.0 -16.0 24.0 40.0 0.0 0.0 672.0 -165.0 -40.0 48.0 0.0 -80.0 0.0 0.0 944.0 -110.0 40.0 -16.0 48.0 -40.0 0.0 0.0 560.0 143.0 70.0 32.0 24.0 0.0 51.0 0.0 464.0 -44.0 10.0 -16.0 24.0 0.0 0.0 0.0 784.0 -143.0 0.0 -32.0 0.0 0.0 0.0 0.0 1104.0 -11.0 10.0 -16.0 0.0 0.0 0.0 0.0 1088.0 143.0 -110.0 32.0 0.0 0.0 0.0 0.0 464.0 -11.0 40.0 0.0 48.0 0.0 0.0 0.0 736.0 -176.0 190.0 -80.0 0.0 80.0 -102.0 0.0 1216.0 0.0 -10.0 -16.0 0.0 0.0 0.0 0.0 1136.0 55.0 -10.0 16.0 0.0 0.0 0.0 0.0 1600.0 -143.0 -130.0 -96.0 -48.0 -40.0 0.0 0.0 1648.0 44.0 -10.0 16.0 0.0 0.0 0.0 0.0
0.0 24.0 0.0 -19.0 0.0 0.0 0.0 0.0 12.0 12.0 0.0 0.0 0.0 0.0 0.0 0.0 72.0 12.0 -28.0 19.0 52.0 -58.0 0.0 0.0 12.0 -12.0 -14.0 0.0 -26.0 58.0 60.0 0.0 24.0 -108.0 56.0 0.0 0.0 0.0 60.0 0.0 108.0 132.0 28.0 -19.0 0.0 0.0 0.0 0.0 24.0 -24.0 14.0 -19.0 0.0 0.0 0.0 0.0 132.0 0.0 -56.0 0.0 0.0 0.0 0.0 0.0 -48.0 72.0 14.0 0.0 0.0 0.0 0.0 0.0 48.0 -132.0 42.0 -19.0 0.0 0.0 -60.0 0.0 0.0 36.0 28.0 38.0 0.0 0.0 0.0 0.0 -24.0 0.0 0.0 19.0 0.0 0.0 0.0 0.0 12.0 0.0 0.0 0.0 0.0 0.0 0.0 0.0 12.0 -12.0 0.0 0.0 0.0 0.0 0.0 0.0 -24.0 -24.0 0.0 19.0 26.0 0.0 0.0 0.0 48.0 -48.0 28.0 -19.0 0.0 0.0 0.0 0.0
0.0 0.0 0.0 0.0 0.0 0.0 0.0 0.0 0.0 0.0 0.0 0.0 0.0 0.0 0.0 0.0 0.0 13.0 16.0 24.0 0.0 0.0 0.0 -56.0 -42.0 39.0 0.0 0.0 0.0 0.0 69.0 -56.0 -28.0 52.0 -16.0 48.0 0.0 0.0 0.0 0.0 14.0 0.0 -48.0 -48.0 0.0 0.0 0.0 0.0 0.0 0.0 0.0 0.0 0.0 0.0 0.0 0.0 -14.0 26.0 16.0 0.0 0.0 0.0 0.0 0.0 0.0 -13.0 16.0 0.0 0.0 0.0 0.0 0.0 14.0 26.0 0.0 -24.0 40.0 0.0 0.0 0.0 28.0 26.0 32.0 24.0 0.0 0.0 0.0 0.0 0.0 0.0 0.0 0.0 0.0 0.0 0.0 0.0 -14.0 0.0 0.0 0.0 0.0 0.0 0.0 0.0 0.0 0.0 0.0 0.0 0.0 0.0 0.0 0.0 0.0 13.0 16.0 0.0 0.0 0.0 0.0 0.0 -28.0 39.0 -32.0 0.0 0.0 0.0 0.0 0.0
14.0 0.0 0.0 0.0 0.0 0.0 0.0 0.0 0.0 0.0 0.0 0.0 0.0 0.0 0.0 0.0 0.0 17.0 -22.0 29.0 0.0 0.0 0.0 0.0 0.0 -17.0 22.0 0.0 0.0 0.0 0.0 0.0 -14.0 -17.0 66.0 0.0 51.0 0.0 0.0 0.0 -14.0 -17.0 -22.0 -29.0 51.0 0.0 0.0 0.0 0.0 0.0 0.0 0.0 0.0 0.0 0.0 0.0 14.0 -17.0 0.0 0.0 0.0 0.0 0.0 0.0 14.0 0.0 22.0 0.0 0.0 0.0 0.0 0.0 14.0 34.0 -22.0 0.0 0.0 0.0 0.0 0.0 14.0 17.0 0.0 0.0 0.0 0.0 0.0 0.0 0.0 0.0 0.0 0.0 0.0 0.0 0.0 0.0 0.0 0.0 0.0 0.0 0.0 0.0 0.0 0.0 0.0 0.0 0.0 0.0 0.0 0.0 0.0 0.0 -14.0 0.0 0.0 0.0 0.0 0.0 0.0 0.0 42.0 -34.0 22.0 0.0 0.0 0.0 0.0 0.0
0.0 0.0 0.0 0.0 0.0 0.0 0.0 0.0 0.0 0.0 0.0 0.0 0.0 0.0 0.0 0.0 0.0 0.0 0.0 0.0 0.0 0.0 0.0 0.0 18.0 -22.0 0.0 0.0 0.0 0.0 0.0 0.0 0.0 0.0 0.0 -56.0 0.0 0.0 0.0 0.0 0.0 0.0 0.0 56.0 68.0 0.0 0.0 0.0 0.0 0.0 0.0 0.0 0.0 0.0 0.0 0.0 0.0 0.0 0.0 0.0 0.0 0.0 0.0 0.0 -18.0 0.0 0.0 0.0 0.0 0.0 0.0 0.0 -36.0 -22.0 0.0 0.0 0.0 0.0 0.0 0.0 18.0 0.0 0.0 0.0 0.0 0.0 0.0 0.0 0.0 0.0 0.0 0.0 0.0 0.0 0.0 0.0 0.0 0.0 0.0 0.0 0.0 0.0 0.0 0.0 0.0 0.0 0.0 0.0 0.0 0.0 0.0 0.0 0.0 0.0 0.0 0.0 0.0 0.0 0.0 0.0 -18.0 22.0 0.0 0.0 0.0 0.0 0.0 0.0
0.0 0.0 0.0 0.0 0.0 0.0 0.0 0.0 0.0 0.0 0.0 0.0 0.0 0.0 0.0 0.0 0.0 0.0 0.0 0.0 0.0 0.0 0.0 0.0 0.0 0.0 0.0 0.0 0.0 0.0 0.0 0.0 0.0 35.0 0.0 0.0 0.0 0.0 0.0 0.0 24.0 0.0 0.0 0.0 0.0 0.0 0.0 0.0 0.0 0.0 0.0 0.0 0.0 0.0 0.0 0.0 0.0 0.0 0.0 0.0 0.0 0.0 0.0 0.0 0.0 0.0 0.0 0.0 0.0 0.0 0.0 0.0 -24.0 -35.0 0.0 0.0 0.0 0.0 0.0 0.0 0.0 0.0 0.0 0.0 0.0 0.0 0.0 0.0 0.0 0.0 0.0 0.0 0.0 0.0 0.0 0.0 0.0 0.0 0.0 0.0 0.0 0.0 0.0 0.0 0.0 0.0 0.0 0.0 0.0 0.0 0.0 0.0 0.0 0.0 0.0 0.0 0.0 0.0 0.0 0.0 24.0 -35.0 0.0 0.0 0.0 0.0 0.0 0.0
0.0 0.0 0.0 0.0 0.0 0.0 0.0 0.0 0.0 0.0 0.0 0.0 0.0 0.0 0.0 0.0 0.0 0.0 0.0 0.0 0.0 0.0 0.0 0.0 0.0 0.0 0.0 0.0 0.0 0.0 0.0 0.0 0.0 0.0 0.0 0.0 0.0 0.0 0.0 0.0 0.0 0.0 0.0 0.0 0.0 0.0 0.0 0.0 0.0 0.0 0.0 0.0 0.0 0.0 0.0 0.0 0.0 0.0 0.0 0.0 0.0 0.0 0.0 0.0 0.0 0.0 0.0 0.0 0.0 0.0 0.0 0.0 0.0 0.0 0.0 0.0 0.0 0.0 0.0 0.0 0.0 0.0 0.0 0.0 0.0 0.0 0.0 0.0 0.0 0.0 0.0 0.0 0.0 0.0 0.0 0.0 0.0 0.0 0.0 0.0 0.0 0.0 0.0 0.0 0.0 0.0 0.0 0.0 0.0 0.0 0.0 0.0 0.0 0.0 0.0 0.0 0.0 0.0 0.0 0.0 0.0 0.0 0.0 0.0 0.0 0.0 0.0 0.0
0.0 0.0 0.0 0.0 0.0 0.0 0.0 0.0 0.0 0.0 0.0 0.0 0.0 0.0 0.0 0.0 0.0 0.0 0.0 0.0 0.0 0.0 0.0 0.0 0.0 0.0 0.0 0.0 0.0 0.0 0.0 0.0 0.0 0.0 0.0 0.0 0.0 0.0 0.0 0.0 0.0 0.0 0.0 0.0 0.0 0.0 0.0 0.0 0.0 0.0 0.0 0.0 0.0 0.0 0.0 0.0 0.0 0.0 0.0 0.0 0.0 0.0 0.0 0.0 0.0 0.0 0.0 0.0 0.0 0.0 0.0 0.0 0.0 0.0 0.0 0.0 0.0 0.0 0.0 0.0 0.0 0.0 0.0 0.0 0.0 0.0 0.0 0.0 0.0 0.0 0.0 0.0 0.0 0.0 0.0 0.0 0.0 0.0 0.0 0.0 0.0 0.0 0.0 0.0 0.0 0.0 0.0 0.0 0.0 0.0 0.0 0.0 0.0 0.0 0.0 0.0 0.0 0.0 0.0 0.0 0.0 0.0 0.0 0.0 0.0 0.0 0.0 0.0
688.0 55.0 40.0 -32.0 24.0 -40.0 0.0 0.0 1296.0 -11.0 -100.0 0.0 -48.0 0.0 0.0 0.0 624.0 154.0 130.0 0.0 0.0 40.0 0.0 0.0 624.0 -88.0 10.0 16.0 -24.0 0.0 0.0 0.0 864.0 -110.0 0.0 16.0 -24.0 -40.0 0.0 0.0 608.0 121.0 40.0 0.0 48.0 0.0 51.0 0.0 432.0 -22.0 10.0 0.0 24.0 0.0 0.0 0.0 704.0 -176.0 30.0 32.0 0.0 0.0 0.0 0.0 1104.0 -55.0 -10.0 -16.0 0.0 0.0 0.0 0.0 1328.0 -33.0 -50.0 16.0 0.0 0.0 0.0 0.0 976.0 198.0 -20.0 0.0 0.0 0.0 0.0 0.0 768.0 -187.0 140.0 -32.0 -24.0 80.0 -51.0 0.0 1056.0 22.0 0.0 0.0 0.0 0.0 0.0 0.0 960.0 22.0 0.0 16.0 0.0 0.0 0.0 0.0 1536.0 110.0 -130.0 16.0 -48.0 0.0 0.0 0.0 752.0 143.0 60.0 16.0 0.0 0.0 0.0 0.0
-156.0 -168.0 84.0 19.0 -26.0 0.0 0.0 0.0 0.0 12.0 0.0 19.0 0.0 0.0 0.0 0.0 24.0 -12.0 -84.0 -57.0 -26.0 0.0 0.0 -55.0 24.0 -60.0 -28.0 76.0 -26.0 0.0 0.0 0.0 48.0 60.0 -42.0 -19.0 -26.0 -58.0 0.0 0.0 -60.0 -36.0 42.0 76.0 0.0 0.0 0.0 0.0 -12.0 0.0 0.0 0.0 -26.0 0.0 0.0 0.0 -48.0 12.0 -14.0 -19.0 26.0 58.0 0.0 0.0 -12.0 -36.0 0.0 0.0 0.0 0.0 0.0 0.0 -96.0 96.0 -42.0 19.0 0.0 0.0 0.0 0.0 -420.0 -84.0 126.0 -57.0 26.0 0.0 0.0 0.0 24.0 36.0 14.0 -19.0 26.0 0.0 -60.0 55.0 -48.0 -36.0 0.0 0.0 0.0 0.0 0.0 0.0 36.0 24.0 -28.0 0.0 0.0 0.0 0.0 0.0 108.0 -156.0 84.0 -57.0 0.0 0.0 0.0 0.0 72.0 204.0 70.0 -19.0 0.0 0.0 0.0 0.0
28.0 -52.0 -48.0 0.0 0.0 0.0 0.0 0.0 0.0 13.0 0.0 0.0 0.0 0.0 0.0 0.0 14.0 26.0 -16.0 48.0 0.0 0.0 0.0 -56.0 -28.0 13.0 -16.0 72.0 40.0 -57.0 0.0 0.0 0.0 -52.0 -32.0 0.0 0.0 0.0 0.0 0.0 -14.0 -39.0 -48.0 0.0 0.0 0.0 0.0 0.0 14.0 0.0 0.0 0.0 0.0 0.0 0.0 0.0 -28.0 52.0 0.0 -24.0 0.0 0.0 0.0 0.0 0.0 -26.0 0.0 0.0 0.0 0.0 0.0 0.0 -98.0 117.0 -16.0 0.0 0.0 0.0 0.0 0.0 28.0 -182.0 -48.0 48.0 -40.0 0.0 0.0 0.0 -14.0 -13.0 0.0 0.0 0.0 0.0 0.0 0.0 42.0 -39.0 0.0 0.0 0.0 0.0 0.0 0.0 98.0 13.0 16.0 -24.0 0.0 0.0 0.0 0.0 -28.0 52.0 -32.0 0.0 0.0 0.0 0.0 0.0 98.0 91.0 -48.0 -48.0 0.0 0.0 0.0 0.0
14.0 34.0 0.0 0.0 0.0 0.0 0.0 0.0 -14.0 17.0 0.0 0.0 0.0 0.0 0.0 0.0 14.0 -17.0 0.0 -29.0 0.0 0.0 0.0 0.0 14.0 17.0 0.0 0.0 0.0 0.0 0.0 0.0 42.0 -17.0 0.0 29.0 51.0 0.0 0.0 0.0 -42.0 -51.0 -44.0 -29.0 0.0 0.0 0.0 -62.0 0.0 0.0 0.0 0.0 0.0 0.0 0.0 0.0 -28.0 34.0 0.0 0.0 0.0 0.0 0.0 0.0 -28.0 -17.0 0.0 0.0 0.0 0.0 0.0 0.0 -56.0 68.0 0.0 0.0 0.0 0.0 0.0 0.0 14.0 51.0 -110.0 -29.0 0.0 0.0 0.0 0.0 0.0 0.0 0.0 0.0 0.0 0.0 0.0 0.0 42.0 -17.0 0.0 0.0 0.0 0.0 0.0 0.0 -14.0 17.0 0.0 29.0 0.0 0.0 0.0 0.0 0.0 0.0 -22.0 0.0 0.0 0.0 0.0 0.0 14.0 -17.0 -88.0 -29.0 0.0 0.0 0.0 0.0
0.0 0.0 0.0 0.0 0.0 0.0 0.0 0.0 0.0 0.0 0.0 0.0 0.0 0.0 0.0 0.0 -18.0 -22.0 -37.0 -56.0 -68.0 0.0 0.0 0.0 -36.0 0.0 0.0 -56.0 0.0 0.0 0.0 0.0 18.0 22.0 37.0 0.0 0.0 0.0 0.0 0.0 0.0 0.0 0.0 0.0 0.0 0.0 0.0 77.0 0.0 0.0 0.0 0.0 0.0 0.0 0.0 0.0 -18.0 22.0 0.0 0.0 0.0 0.0 0.0 0.0 -18.0 -22.0 0.0 0.0 0.0 0.0 0.0 0.0 -36.0 22.0 0.0 0.0 0.0 0.0 0.0 0.0 36.0 22.0 37.0 -56.0 0.0 0.0 0.0 0.0 0.0 0.0 0.0 0.0 0.0 0.0 0.0 0.0 18.0 0.0 0.0 0.0 0.0 0.0 0.0 0.0 -18.0 0.0 0.0 0.0 0.0 0.0 0.0 0.0 0.0 -22.0 0.0 0.0 0.0 0.0 0.0 0.0 18.0 -22.0 -37.0 0.0 68.0 0.0 0.0 0.0
0.0 0.0 0.0 0.0 0.0 0.0 0.0 0.0 0.0 0.0 0.0 0.0 0.0 0.0 0.0 0.0 -24.0 0.0 0.0 0.0 0.0 0.0 0.0 0.0 24.0 0.0 0.0 0.0 0.0 0.0 0.0 0.0 0.0 0.0 0.0 0.0 0.0 0.0 0.0 0.0 0.0 0.0 0.0 0.0 0.0 0.0 0.0 0.0 0.0 0.0 0.0 0.0 0.0 0.0 0.0 0.0 -24.0 0.0 0.0 0.0 0.0 0.0 0.0 0.0 -24.0 0.0 0.0 0.0 0.0 0.0 0.0 0.0 0.0 0.0 0.0 0.0 0.0 0.0 0.0 0.0 0.0 35.0 0.0 64.0 0.0 0.0 0.0 0.0 0.0 0.0 0.0 0.0 0.0 0.0 0.0 0.0 0.0 0.0 0.0 0.0 0.0 0.0 0.0 0.0 0.0 0.0 0.0 0.0 0.0 0.0 0.0 0.0 0.0 0.0 0.0 0.0 0.0 0.0 0.0 0.0 24.0 0.0 0.0 0.0 0.0 0.0 0.0 0.0
0.0 0.0 0.0 0.0 0.0 0.0 0.0 0.0 0.0 0.0 0.0 0.0 0.0 0.0 0.0 0.0 0.0 0.0 0.0 0.0 0.0 0.0 0.0 0.0 0.0 0.0 0.0 0.0 0.0 0.0 0.0 0.0 0.0 0.0 0.0 0.0 0.0 0.0 0.0 0.0 0.0 0.0 0.0 0.0 0.0 0.0 0.0 0.0 0.0 0.0 0.0 0.0 0.0 0.0 0.0 0.0 0.0 0.0 0.0 0.0 0.0 0.0 0.0 0.0 0.0 0.0 0.0 0.0 0.0 0.0 0.0 0.0 0.0 0.0 0.0 0.0 0.0 0.0 0.0 0.0 0.0 0.0 0.0 0.0 0.0 0.0 0.0 0.0 0.0 0.0 0.0 0.0 0.0 0.0 0.0 0.0 0.0 0.0 0.0 0.0 0.0 0.0 0.0 0.0 0.0 0.0 0.0 0.0 0.0 0.0 0.0 0.0 0.0 0.0 0.0 0.0 0.0 0.0 0.0 0.0 0.0 0.0 0.0 0.0 0.0 0.0 0.0 0.0
0.0 0.0 0.0 0.0 0.0 0.0 0.0 0.0 0.0 0.0 0.0 0.0 0.0 0.0 0.0 0.0 0.0 0.0 0.0 0.0 0.0 0.0 0.0 0.0 0.0 0.0 0.0 0.0 0.0 0.0 0.0 0.0 0.0 0.0 0.0 0.0 0.0 0.0 0.0 0.0 0.0 0.0 0.0 0.0 0.0 0.0 0.0 0.0 0.0 0.0 0.0 0.0 0.0 0.0 0.0 0.0 0.0 0.0 0.0 0.0 0.0 0.0 0.0 0.0 0.0 0.0 0.0 0.0 0.0 0.0 0.0 0.0 0.0 0.0 0.0 0.0 0.0 0.0 0.0 0.0 0.0 0.0 0.0 0.0 0.0 0.0 0.0 0.0 0.0 0.0 0.0 0.0 0.0 0.0 0.0 0.0 0.0 0.0 0.0 0.0 0.0 0.0 0.0 0.0 0.0 0.0 0.0 0.0 0.0 0.0 0.0 0.0 0.0 0.0 0.0 0.0 0.0 0.0 0.0 0.0 0.0 0.0 0.0 0.0 0.0 0.0 0.0 0.0
816.0 -44.0 -380.0 0.0 48.0 -40.0 51.0 0.0 1312.0 -22.0 -120.0 -16.0 -48.0 0.0 0.0 0.0 496.0 121.0 120.0 96.0 72.0 40.0 51.0 0.0 496.0 55.0 -10.0 -48.0 -72.0 -40.0 0.0 61.0 704.0 -165.0 40.0 -48.0 24.0 0.0 0.0 0.0 752.0 165.0 -40.0 48.0 144.0 -40.0 -51.0 0.0 496.0 -22.0 70.0 0.0 48.0 0.0 0.0 0.0 864.0 -88.0 130.0 48.0 -72.0 -40.0 0.0 0.0 1120.0 -22.0 10.0 0.0 0.0 0.0 0.0 0.0 1296.0 -77.0 0.0 -16.0 0.0 0.0 0.0 0.0 1616.0 -77.0 -10.0 0.0 0.0 0.0 0.0 0.0 1024.0 66.0 340.0 128.0 -96.0 -40.0 51.0 0.0 1120.0 33.0 0.0 0.0 0.0 0.0 0.0 0.0 1296.0 -231.0 10.0 32.0 48.0 -40.0 0.0 0.0 1200.0 385.0 40.0 -48.0 24.0 0.0 0.0 0.0 800.0 22.0 10.0 0.0 0.0 0.0 0.0 0.0
36.0 60.0 28.0 -38.0 0.0 0.0 0.0 0.0 0.0 0.0 0.0 0.0 0.0 0.0 0.0 0.0 12.0 12.0 14.0 19.0 0.0 0.0 0.0 0.0 12.0 -24.0 -14.0 -38.0 0.0 0.0 0.0 0.0 48.0 36.0 -14.0 0.0 26.0 0.0 0.0 0.0 -12.0 48.0 -14.0 38.0 78.0 -58.0 -60.0 55.0 -60.0 24.0 -56.0 19.0 0.0 0.0 0.0 0.0 -48.0 -24.0 0.0 -19.0 -26.0 0.0 0.0 0.0 12.0 -12.0 0.0 0.0 0.0 0.0 0.0 0.0 36.0 0.0 0.0 0.0 0.0 0.0 0.0 0.0 24.0 0.0 0.0 0.0 0.0 0.0 0.0 0.0 -168.0 -132.0 0.0 57.0 78.0 58.0 0.0 -55.0 12.0 0.0 0.0 0.0 0.0 0.0 0.0 0.0 -120.0 72.0 70.0 -38.0 -26.0 0.0 0.0 0.0 84.0 48.0 -112.0 -38.0 26.0 0.0 0.0 0.0 12.0 -12.0 0.0 -19.0 0.0 0.0 0.0 0.0
14.0 13.0 16.0 0.0 0.0 0.0 0.0 0.0 0.0 0.0 0.0 0.0 0.0 0.0 0.0 0.0 0.0 -13.0 16.0 0.0 0.0 0.0 0.0 0.0 -14.0 -26.0 -16.0 0.0 0.0 57.0 0.0 0.0 0.0 0.0 32.0 24.0 -40.0 57.0 0.0 0.0 -28.0 -39.0 32.0 0.0 0.0 0.0 0.0 0.0 28.0 -13.0 16.0 0.0 0.0 0.0 0.0 0.0 0.0 0.0 0.0 0.0 0.0 0.0 0.0 0.0 0.0 0.0 0.0 0.0 0.0 0.0 0.0 0.0 0.0 0.0 0.0 0.0 0.0 0.0 0.0 0.0 0.0 0.0 0.0 0.0 0.0 0.0 0.0 0.0 -14.0 -39.0 -80.0 -72.0 0.0 57.0 69.0 56.0 0.0 -13.0 0.0 0.0 0.0 0.0 0.0 0.0 -28.0 39.0 0.0 -24.0 0.0 0.0 0.0 0.0 0.0 -26.0 -32.0 48.0 40.0 0.0 0.0 0.0 -14.0 0.0 -16.0 0.0 0.0 0.0 0.0 0.0
0.0 17.0 22.0 0.0 0.0 0.0 0.0 0.0 0.0 0.0 0.0 0.0 0.0 0.0 0.0 0.0 -14.0 0.0 0.0 0.0 0.0 0.0 0.0 0.0 0.0 17.0 0.0 29.0 0.0 0.0 0.0 0.0 0.0 -17.0 0.0 29.0 0.0 0.0 0.0 0.0 42.0 51.0 -44.0 -29.0 -51.0 0.0 0.0 0.0 -14.0 -17.0 0.0 -29.0 0.0 0.0 0.0 0.0 0.0 0.0 0.0 0.0 0.0 0.0 0.0 0.0 0.0 0.0 0.0 0.0 0.0 0.0 0.0 0.0 0.0 0.0 0.0 0.0 0.0 0.0 0.0 0.0 0.0 0.0 0.0 0.0 0.0 0.0 0.0 0.0 -14.0 -17.0 -22.0 -29.0 0.0 0.0 0.0 0.0 0.0 0.0 0.0 0.0 0.0 0.0 0.0 0.0 0.0 0.0 -22.0 0.0 0.0 0.0 0.0 0.0 0.0 0.0 0.0 0.0 0.0 0.0 0.0 0.0 0.0 0.0 0.0 0.0 0.0 0.0 0.0 0.0
0.0 0.0 0.0 0.0 0.0 0.0 0.0 0.0 0.0 0.0 0.0 0.0 0.0 0.0 0.0 0.0 0.0 0.0 0.0 0.0 0.0 0.0 0.0 0.0 0.0 0.0 0.0 0.0 0.0 0.0 0.0 0.0 -18.0 0.0 0.0 0.0 0.0 0.0 0.0 0.0 -18.0 -22.0 37.0 0.0 0.0 0.0 0.0 0.0 0.0 22.0 0.0 0.0 0.0 0.0 0.0 0.0 0.0 0.0 0.0 0.0 0.0 0.0 0.0 0.0 0.0 0.0 0.0 0.0 0.0 0.0 0.0 0.0 0.0 0.0 0.0 0.0 0.0 0.0 0.0 0.0 0.0 0.0 0.0 0.0 0.0 0.0 0.0 0.0 0.0 0.0 0.0 0.0 0.0 0.0 0.0 0.0 0.0 0.0 0.0 0.0 0.0 0.0 0.0 0.0 0.0 0.0 0.0 0.0 0.0 0.0 0.0 0.0 0.0 0.0 0.0 0.0 0.0 0.0 0.0 0.0 0.0 0.0 0.0 0.0 0.0 0.0 0.0 0.0
0.0 0.0 0.0 0.0 0.0 0.0 0.0 0.0 0.0 0.0 0.0 0.0 0.0 0.0 0.0 0.0 0.0 0.0 0.0 0.0 0.0 0.0 0.0 0.0 0.0 0.0 0.0 0.0 0.0 0.0 0.0 0.0 0.0 0.0 0.0 0.0 0.0 0.0 0.0 0.0 0.0 0.0 -55.0 0.0 0.0 0.0 0.0 0.0 0.0 0.0 0.0 0.0 0.0 0.0 0.0 0.0 0.0 0.0 0.0 0.0 0.0 0.0 0.0 0.0 0.0 0.0 0.0 0.0 0.0 0.0 0.0 0.0 0.0 0.0 0.0 0.0 0.0 0.0 0.0 0.0 0.0 0.0 0.0 0.0 0.0 0.0 0.0 0.0 0.0 0.0 0.0 0.0 0.0 0.0 0.0 0.0 0.0 0.0 0.0 0.0 0.0 0.0 0.0 0.0 0.0 0.0 0.0 0.0 0.0 0.0 0.0 0.0 0.0 0.0 0.0 0.0 0.0 0.0 0.0 0.0 0.0 0.0 0.0 0.0 0.0 0.0 0.0 0.0
0.0 0.0 0.0 0.0 0.0 0.0 0.0 0.0 0.0 0.0 0.0 0.0 0.0 0.0 0.0 0.0 0.0 0.0 0.0 0.0 0.0 0.0 0.0 0.0 0.0 0.0 0.0 0.0 0.0 0.0 0.0 0.0 0.0 0.0 0.0 0.0 0.0 0.0 0.0 0.0 0.0 0.0 0.0 0.0 0.0 0.0 0.0 0.0 0.0 0.0 0.0 0.0 0.0 0.0 0.0 0.0 0.0 0.0 0.0 0.0 0.0 0.0 0.0 0.0 0.0 0.0 0.0 0.0 0.0 0.0 0.0 0.0 0.0 0.0 0.0 0.0 0.0 0.0 0.0 0.0 0.0 0.0 0.0 0.0 0.0 0.0 0.0 0.0 0.0 0.0 0.0 0.0 0.0 0.0 0.0 0.0 0.0 0.0 0.0 0.0 0.0 0.0 0.0 0.0 0.0 0.0 0.0 0.0 0.0 0.0 0.0 0.0 0.0 0.0 0.0 0.0 0.0 0.0 0.0 0.0 0.0 0.0 0.0 0.0 0.0 0.0 0.0 0.0
0.0 0.0 0.0 0.0 0.0 0.0 0.0 0.0 0.0 0.0 0.0 0.0 0.0 0.0 0.0 0.0 0.0 0.0 0.0 0.0 0.0 0.0 0.0 0.0 0.0 0.0 0.0 0.0 0.0 0.0 0.0 0.0 0.0 0.0 0.0 0.0 0.0 0.0 0.0 0.0 0.0 0.0 0.0 0.0 0.0 0.0 0.0 0.0 0.0 0.0 0.0 0.0 0.0 0.0 0.0 0.0 0.0 0.0 0.0 0.0 0.0 0.0 0.0 0.0 0.0 0.0 0.0 0.0 0.0 0.0 0.0 0.0 0.0 0.0 0.0 0.0 0.0 0.0 0.0 0.0 0.0 0.0 0.0 0.0 0.0 0.0 0.0 0.0 0.0 0.0 0.0 0.0 0.0 0.0 0.0 0.0 0.0 0.0 0.0 0.0 0.0 0.0 0.0 0.0 0.0 0.0 0.0 0.0 0.0 0.0 0.0 0.0 0.0 0.0 0.0 0.0 0.0 0.0 0.0 0.0 0.0 0.0 0.0 0.0 0.0 0.0 0.0 0.0
816.0 -198.0 -300.0 160.0 24.0 0.0 0.0 0.0 1296.0 -55.0 -140.0 -16.0 -72.0 0.0 0.0 0.0 512.0 121.0 120.0 80.0 48.0 0.0 0.0 0.0 448.0 11.0 -30.0 0.0 0.0 0.0 0.0 0.0 640.0 -143.0 -10.0 16.0 0.0 0.0 0.0 0.0 528.0 132.0 20.0 -32.0 0.0 0.0 0.0 -61.0 640.0 -187.0 -10.0 32.0 -24.0 0.0 0.0 0.0 960.0 -143.0 -20.0 32.0 24.0 0.0 0.0 0.0 1120.0 11.0 0.0 0.0 0.0 0.0 0.0 0.0 1200.0 -55.0 0.0 0.0 0.0 0.0 0.0 0.0 1504.0 -110.0 -10.0 -16.0 0.0 0.0 0.0 0.0 1328.0 352.0 -60.0 -80.0 48.0 0.0 0.0 0.0 864.0 22.0 0.0 0.0 0.0 0.0 0.0 0.0 1344.0 -198.0 -20.0 0.0 -96.0 0.0 0.0 0.0 816.0 99.0 90.0 64.0 24.0 0.0 0.0 0.0 720.0 55.0 -60.0 16.0 0.0 0.0 0.0 0.0
-60.0 12.0 -42.0 -38.0 26.0 0.0 0.0 0.0 12.0 12.0 14.0 0.0 0.0 0.0 0.0 0.0 0.0 0.0 14.0 19.0 0.0 0.0 0.0 0.0 0.0 0.0 14.0 0.0 -26.0 0.0 0.0 0.0 0.0 36.0 0.0 -38.0 26.0 0.0 0.0 0.0 60.0 0.0 -42.0 -57.0 0.0 0.0 0.0 0.0 -36.0 -24.0 112.0 -19.0 0.0 0.0 0.0 0.0 -24.0 12.0 70.0 76.0 26.0 0.0 0.0 0.0 0.0 0.0 14.0 0.0 0.0 0.0 0.0 0.0 24.0 0.0 0.0 0.0 0.0 0.0 0.0 0.0 36.0 12.0 0.0 0.0 0.0 0.0 0.0 0.0 -12.0 -36.0 112.0 -19.0 -78.0 0.0 60.0 0.0 228.0 -60.0 -14.0 0.0 0.0 0.0 0.0 0.0 12.0 -48.0 98.0 19.0 104.0 0.0 0.0 0.0 132.0 132.0 42.0 19.0 26.0 0.0 0.0 0.0 36.0 -36.0 28.0 0.0 -26.0 0.0 0.0 0.0
42.0 26.0 16.0 0.0 0.0 0.0 0.0 0.0 0.0 0.0 0.0 0.0 0.0 0.0 0.0 0.0 0.0 -13.0 0.0 0.0 0.0 0.0 0.0 0.0 0.0 -13.0 0.0 0.0 0.0 0.0 0.0 0.0 14.0 -65.0 80.0 -24.0 -40.0 0.0 0.0 0.0 0.0 13.0 48.0 24.0 0.0 -57.0 0.0 0.0 0.0 65.0 -16.0 0.0 0.0 0.0 0.0 0.0 14.0 39.0 16.0 0.0 -40.0 -57.0 0.0 0.0 0.0 0.0 0.0 0.0 0.0 0.0 0.0 0.0 0.0 0.0 0.0 0.0 0.0 0.0 0.0 0.0 0.0 0.0 0.0 0.0 0.0 0.0 0.0 0.0 28.0 -65.0 48.0 24.0 -40.0 0.0 0.0 0.0 0.0 91.0 -16.0 0.0 0.0 0.0 0.0 0.0 0.0 13.0 -96.0 0.0 0.0 0.0 0.0 0.0 14.0 -26.0 -16.0 -24.0 -40.0 0.0 0.0 0.0 0.0 -13.0 0.0 -24.0 0.0 0.0 0.0 0.0
-14.0 -17.0 -22.0 0.0 0.0 0.0 0.0 0.0 0.0 0.0 0.0 0.0 0.0 0.0 0.0 0.0 -14.0 -17.0 0.0 -29.0 0.0 0.0 0.0 0.0 0.0 0.0 0.0 0.0 0.0 0.0 0.0 0.0 28.0 -17.0 -44.0 29.0 0.0 0.0 0.0 0.0 -28.0 0.0 44.0 58.0 0.0 0.0 0.0 0.0 14.0 -17.0 0.0 0.0 0.0 0.0 0.0 0.0 -14.0 -17.0 -22.0 -29.0 0.0 0.0 0.0 0.0 0.0 0.0 0.0 0.0 0.0 0.0 0.0 0.0 0.0 0.0 0.0 0.0 0.0 0.0 0.0 0.0 0.0 0.0 0.0 0.0 0.0 0.0 0.0 0.0 -14.0 0.0 22.0 0.0 0.0 0.0 0.0 0.0 -56.0 0.0 22.0 0.0 0.0 0.0 0.0 0.0 28.0 -34.0 0.0 0.0 0.0 0.0 0.0 0.0 0.0 -17.0 22.0 0.0 0.0 0.0 0.0 0.0 0.0 0.0 0.0 0.0 0.0 0.0 0.0 0.0
18.0 22.0 0.0 0.0 0.0 0.0 0.0 0.0 0.0 0.0 0.0 0.0 0.0 0.0 0.0 0.0 0.0 0.0 0.0 0.0 0.0 0.0 0.0 0.0 0.0 22.0 0.0 0.0 0.0 0.0 0.0 0.0 -18.0 44.0 -37.0 0.0 0.0 0.0 0.0 0.0 0.0 0.0 37.0 0.0 0.0 0.0 0.0 0.0 0.0 22.0 0.0 0.0 0.0 0.0 0.0 0.0 0.0 22.0 0.0 0.0 0.0 0.0 0.0 0.0 0.0 0.0 0.0 0.0 0.0 0.0 0.0 0.0 0.0 0.0 0.0 0.0 0.0 0.0 0.0 0.0 0.0 0.0 0.0 0.0 0.0 0.0 0.0 0.0 -18.0 22.0 0.0 0.0 0.0 0.0 0.0 0.0 18.0 -22.0 0.0 0.0 0.0 0.0 0.0 0.0 0.0 22.0 0.0 0.0 0.0 0.0 0.0 0.0 0.0 0.0 0.0 0.0 0.0 0.0 0.0 0.0 0.0 0.0 0.0 0.0 0.0 0.0 0.0 0.0
0.0 0.0 0.0 0.0 0.0 0.0 0.0 0.0 0.0 0.0 0.0 0.0 0.0 0.0 0.0 0.0 0.0 0.0 0.0 0.0 0.0 0.0 0.0 0.0 0.0 0.0 0.0 0.0 0.0 0.0 0.0 0.0 -24.0 0.0 0.0 0.0 0.0 0.0 0.0 0.0 0.0 0.0 0.0 0.0 0.0 0.0 0.0 0.0 0.0 0.0 0.0 0.0 0.0 0.0 0.0 0.0 0.0 0.0 0.0 0.0 0.0 0.0 0.0 0.0 0.0 0.0 0.0 0.0 0.0 0.0 0.0 0.0 0.0 0.0 0.0 0.0 0.0 0.0 0.0 0.0 0.0 0.0 0.0 0.0 0.0 0.0 0.0 0.0 0.0 0.0 0.0 0.0 0.0 0.0 0.0 0.0 0.0 0.0 0.0 0.0 0.0 0.0 0.0 0.0 0.0 0.0 0.0 0.0 0.0 0.0 0.0 0.0 0.0 0.0 0.0 0.0 0.0 0.0 0.0 0.0 0.0 0.0 0.0 0.0 0.0 0.0 0.0 0.0
0.0 0.0 0.0 0.0 0.0 0.0 0.0 0.0 0.0 0.0 0.0 0.0 0.0 0.0 0.0 0.0 0.0 0.0 0.0 0.0 0.0 0.0 0.0 0.0 0.0 0.0 0.0 0.0 0.0 0.0 0.0 0.0 0.0 0.0 0.0 0.0 0.0 0.0 0.0 0.0 0.0 0.0 0.0 0.0 0.0 0.0 0.0 0.0 0.0 0.0 0.0 0.0 0.0 0.0 0.0 0.0 0.0 0.0 0.0 0.0 0.0 0.0 0.0 0.0 0.0 0.0 0.0 0.0 0.0 0.0 0.0 0.0 0.0 0.0 0.0 0.0 0.0 0.0 0.0 0.0 0.0 0.0 0.0 0.0 0.0 0.0 0.0 0.0 0.0 0.0 0.0 0.0 0.0 0.0 0.0 0.0 0.0 0.0 0.0 0.0 0.0 0.0 0.0 0.0 0.0 0.0 0.0 0.0 0.0 0.0 0.0 0.0 0.0 0.0 0.0 0.0 0.0 0.0 0.0 0.0 0.0 0.0 0.0 0.0 0.0 0.0 0.0 0.0
0.0 0.0 0.0 0.0 0.0 0.0 0.0 0.0 0.0 0.0 0.0 0.0 0.0 0.0 0.0 0.0 0.0 0.0 0.0 0.0 0.0 0.0 0.0 0.0 0.0 0.0 0.0 0.0 0.0 0.0 0.0 0.0 0.0 0.0 0.0 0.0 0.0 0.0 0.0 0.0 0.0 0.0 0.0 0.0 0.0 0.0 0.0 0.0 0.0 0.0 0.0 0.0 0.0 0.0 0.0 0.0 0.0 0.0 0.0 0.0 0.0 0.0 0.0 0.0 0.0 0.0 0.0 0.0 0.0 0.0 0.0 0.0 0.0 0.0 0.0 0.0 0.0 0.0 0.0 0.0 0.0 0.0 0.0 0.0 0.0 0.0 0.0 0.0 0.0 0.0 0.0 0.0 0.0 0.0 0.0 0.0 0.0 0.0 0.0 0.0 0.0 0.0 0.0 0.0 0.0 0.0 0.0 0.0 0.0 0.0 0.0 0.0 0.0 0.0 0.0 0.0 0.0 0.0 0.0 0.0 0.0 0.0 0.0 0.0 0.0 0.0 0.0 0.0
976.0 -308.0 -140.0 144.0 -48.0 0.0 0.0 0.0 1264.0 -55.0 -180.0 16.0 -96.0 40.0 0.0 0.0 464.0 22.0 50.0 48.0 24.0 0.0 0.0 0.0 544.0 -55.0 10.0 -16.0 0.0 80.0 0.0 0.0 592.0 -55.0 40.0 -32.0 0.0 0.0 0.0 0.0 496.0 33.0 100.0 16.0 24.0 0.0 0.0 0.0 832.0 -77.0 -10.0 -32.0 0.0 0.0 0.0 0.0 1072.0 -33.0 -10.0 0.0 0.0 0.0 0.0 0.0 1136.0 -11.0 -10.0 0.0 0.0 0.0 0.0 0.0 1168.0 -22.0 10.0 0.0 0.0 0.0 0.0 0.0 1360.0 -99.0 10.0 -16.0 0.0 0.0 0.0 0.0 1504.0 176.0 -190.0 96.0 -48.0 0.0 0.0 0.0 816.0 -22.0 -10.0 0.0 0.0 0.0 0.0 0.0 912.0 132.0 -110.0 -48.0 -24.0 0.0 0.0 0.0 704.0 -44.0 10.0 -16.0 0.0 0.0 0.0 0.0 640.0 121.0 40.0 -16.0 0.0 0.0 0.0 0.0
12.0 132.0 -42.0 -38.0 -26.0 0.0 0.0 0.0 12.0 -12.0 14.0 -19.0 0.0 0.0 0.0 0.0 12.0 60.0 28.0 19.0 26.0 0.0 0.0 0.0 -48.0 0.0 -14.0 38.0 0.0 0.0 0.0 0.0 0.0 -72.0 14.0 -19.0 26.0 -58.0 -60.0 0.0 -84.0 60.0 -14.0 19.0 26.0 0.0 0.0 0.0 -132.0 0.0 0.0 -19.0 26.0 0.0 0.0 0.0 0.0 -12.0 0.0 0.0 0.0 0.0 0.0 0.0 0.0 12.0 0.0 0.0 0.0 0.0 0.0 0.0 -12.0 -12.0 0.0 0.0 0.0 0.0 0.0 0.0 36.0 -12.0 0.0 0.0 0.0 0.0 0.0 0.0 -48.0 96.0 -42.0 0.0 26.0 -58.0 60.0 0.0 -48.0 84.0 0.0 0.0 0.0 0.0 0.0 0.0 72.0 48.0 -98.0 -57.0 -52.0 0.0 0.0 0.0 -48.0 36.0 -70.0 19.0 26.0 0.0 0.0 0.0 36.0 24.0 -84.0 -19.0 0.0 0.0 0.0 0.0
28.0 0.0 0.0 0.0 0.0 0.0 0.0 0.0 -14.0 13.0 0.0 0.0 0.0 0.0 0.0 0.0 14.0 13.0 16.0 0.0 0.0 0.0 0.0 0.0 -28.0 39.0 -32.0 0.0 -40.0 0.0 0.0 0.0 -14.0 39.0 0.0 24.0 0.0 57.0 0.0 0.0 42.0 0.0 -16.0 0.0 0.0 0.0 0.0 0.0 -14.0 52.0 -16.0 -24.0 0.0 0.0 0.0 0.0 0.0 0.0 0.0 0.0 0.0 0.0 0.0 0.0 0.0 0.0 0.0 0.0 0.0 0.0 0.0 0.0 0.0 0.0 0.0 0.0 0.0 0.0 0.0 0.0 0.0 0.0 0.0 0.0 0.0 0.0 0.0 0.0 0.0 -13.0 32.0 -24.0 40.0 -57.0 0.0 0.0 -28.0 26.0 0.0 0.0 0.0 0.0 0.0 0.0 84.0 13.0 -96.0 -24.0 0.0 0.0 0.0 0.0 14.0 -52.0 -16.0 24.0 0.0 0.0 0.0 0.0 -14.0 -65.0 0.0 0.0 0.0 0.0 0.0 0.0
14.0 0.0 0.0 0.0 0.0 0.0 0.0 0.0 0.0 0.0 0.0 0.0 0.0 0.0 0.0 0.0 0.0 0.0 0.0 0.0 0.0 0.0 0.0 0.0 -14.0 -17.0 22.0 0.0 51.0 0.0 0.0 0.0 -14.0 0.0 0.0 0.0 0.0 0.0 80.0 0.0 0.0 0.0 44.0 29.0 0.0 0.0 0.0 0.0 28.0 51.0 -22.0 -29.0 0.0 0.0 0.0 0.0 0.0 0.0 0.0 0.0 0.0 0.0 0.0 0.0 0.0 0.0 0.0 0.0 0.0 0.0 0.0 0.0 0.0 0.0 0.0 0.0 0.0 0.0 0.0 0.0 0.0 0.0 0.0 0.0 0.0 0.0 0.0 0.0 -14.0 17.0 0.0 0.0 0.0 0.0 0.0 0.0 -14.0 17.0 -22.0 0.0 0.0 0.0 0.0 0.0 28.0 -51.0 -22.0 58.0 0.0 0.0 0.0 0.0 -14.0 -17.0 22.0 0.0 0.0 0.0 0.0 0.0 0.0 17.0 0.0 0.0 0.0 0.0 0.0 0.0
-18.0 0.0 0.0 0.0 0.0 0.0 0.0 0.0 0.0 0.0 0.0 0.0 0.0 0.0 0.0 0.0 0.0 0.0 0.0 0.0 0.0 0.0 0.0 0.0 0.0 0.0 0.0 0.0 0.0 0.0 0.0 0.0 0.0 0.0 0.0 0.0 0.0 0.0 0.0 0.0 18.0 22.0 0.0 0.0 0.0 0.0 0.0 0.0 18.0 0.0 -37.0 0.0 0.0 0.0 0.0 0.0 0.0 0.0 0.0 0.0 0.0 0.0 0.0 0.0 0.0 0.0 0.0 0.0 0.0 0.0 0.0 0.0 0.0 0.0 0.0 0.0 0.0 0.0 0.0 0.0 0.0 0.0 0.0 0.0 0.0 0.0 0.0 0.0 0.0 0.0 0.0 0.0 0.0 0.0 0.0 0.0 0.0 0.0 0.0 0.0 0.0 0.0 0.0 0.0 0.0 -22.0 0.0 56.0 0.0 0.0 0.0 0.0 0.0 0.0 0.0 0.0 0.0 0.0 0.0 0.0 0.0 0.0 0.0 0.0 0.0 0.0 0.0 0.0
0.0 0.0 0.0 0.0 0.0 0.0 0.0 0.0 0.0 0.0 0.0 0.0 0.0 0.0 0.0 0.0 0.0 0.0 0.0 0.0 0.0 0.0 0.0 0.0 0.0 0.0 0.0 0.0 0.0 0.0 0.0 0.0 0.0 0.0 0.0 0.0 0.0 0.0 0.0 0.0 0.0 35.0 0.0 0.0 0.0 0.0 0.0 0.0 0.0 -35.0 -55.0 0.0 0.0 0.0 0.0 0.0 0.0 0.0 0.0 0.0 0.0 0.0 0.0 0.0 0.0 0.0 0.0 0.0 0.0 0.0 0.0 0.0 0.0 0.0 0.0 0.0 0.0 0.0 0.0 0.0 0.0 0.0 0.0 0.0 0.0 0.0 0.0 0.0 0.0 0.0 0.0 0.0 0.0 0.0 0.0 0.0 0.0 0.0 0.0 0.0 0.0 0.0 0.0 0.0 0.0 -35.0 0.0 0.0 0.0 0.0 0.0 0.0 0.0 0.0 0.0 0.0 0.0 0.0 0.0 0.0 0.0 0.0 0.0 0.0 0.0 0.0 0.0 0.0
0.0 0.0 0.0 0.0 0.0 0.0 0.0 0.0 0.0 0.0 0.0 0.0 0.0 0.0 0.0 0.0 0.0 0.0 0.0 0.0 0.0 0.0 0.0 0.0 0.0 0.0 0.0 0.0 0.0 0.0 0.0 0.0 0.0 0.0 0.0 0.0 0.0 0.0 0.0 0.0 0.0 0.0 0.0 0.0 0.0 0.0 0.0 0.0 0.0 0.0 0.0 0.0 0.0 0.0 0.0 0.0 0.0 0.0 0.0 0.0 0.0 0.0 0.0 0.0 0.0 0.0 0.0 0.0 0.0 0.0 0.0 0.0 0.0 0.0 0.0 0.0 0.0 0.0 0.0 0.0 0.0 0.0 0.0 0.0 0.0 0.0 0.0 0.0 0.0 0.0 0.0 0.0 0.0 0.0 0.0 0.0 0.0 0.0 0.0 0.0 0.0 0.0 0.0 0.0 0.0 0.0 0.0 0.0 0.0 0.0 0.0 0.0 0.0 0.0 0.0 0.0 0.0 0.0 0.0 0.0 0.0 0.0 0.0 0.0 0.0 0.0 0.0 0.0
0.0 0.0 0.0 0.0 0.0 0.0 0.0 0.0 0.0 0.0 0.0 0.0 0.0 0.0 0.0 0.0 0.0 0.0 0.0 0.0 0.0 0.0 0.0 0.0 0.0 0.0 0.0 0.0 0.0 0.0 0.0 0.0 0.0 0.0 0.0 0.0 0.0 0.0 0.0 0.0 0.0 0.0 0.0 0.0 0.0 0.0 0.0 0.0 0.0 0.0 0.0 0.0 0.0 0.0 0.0 0.0 0.0 0.0 0.0 0.0 0.0 0.0 0.0 0.0 0.0 0.0 0.0 0.0 0.0 0.0 0.0 0.0 0.0 0.0 0.0 0.0 0.0 0.0 0.0 0.0 0.0 0.0 0.0 0.0 0.0 0.0 0.0 0.0 0.0 0.0 0.0 0.0 0.0 0.0 0.0 0.0 0.0 0.0 0.0 0.0 0.0 0.0 0.0 0.0 0.0 0.0 0.0 0.0 0.0 0.0 0.0 0.0 0.0 0.0 0.0 0.0 0.0 0.0 0.0 0.0 0.0 0.0 0.0 0.0 0.0 0.0 0.0 0.0
