175.8099264750724 175.39234674767627 176.87233198284432 181.16958913328975 185.43690985026737 185.62291285890706 181.28870672837084 176.75987285916895 181.04999148007636 178.9184743727434 175.78538085420448 173.26675528787607 172.55147212362024 173.748426739137 175.8699571058482 177.45402018036037
177.5033370679774 176.32587458943632 176.78708932218458 180.50669705187235 185.11074105702224 186.49657699454417 183.6573400073278 180.14610573662085 182.414851828911 180.2366514796737 176.89467816599156 173.86336485729947 172.2870176529787 172.4056211252641 173.51830284358687 174.49001927532706
179.93247881032713 177.74500443020412 176.83170924710635 179.71700344618466 184.6456957090087 187.4657169382012 186.46011183583448 184.20736448582565 184.1888795535158 182.038281631757 178.5207379763344 174.8169879722557 171.9471371327903 170.34809423298427 169.80705590924708 169.76116509176097
181.7377669589929 179.00121347429953 177.28525068838792 179.53615708839885 184.3072194376408 187.47036636416064 187.04450650298426 185.22019354479977 185.04429711455157 183.152409987487 179.81686968715803 175.77205496487213 171.79396348446457 168.48822361233846 166.19789298871424 165.04508071180948
181.94448972682244 179.59745059102707 178.2807938968399 180.42686144399448 184.2844781833719 185.8646365567158 183.74766343385434 180.83471512424825 184.10296958528585 182.7753770577502 180.1620946416358 176.43439791800162 171.9995836326618 167.53281205886782 163.87431996604866 161.80765258835322
180.52117544636025 179.44294408426782 179.6667764435972 182.2535148490871 184.58093409601432 182.89298532307313 177.07149709976272 171.71857855923918 181.50820554889404 180.96458268828684 179.50385546992052 176.70318112118395 172.53269377377012 167.62731232076092 163.1900797707092 160.54174980582937
178.3843838459264 178.86702086036635 181.0300672259967 184.30285463452296 185.0138184538154 179.65300050822083 169.60628508987676 161.45531675019586 178.40293966576652 178.62974745350846 178.36601747226982 176.68625239348574 173.1633650962362 168.33368323647463 163.6152982232311 160.69218922999553
176.84919200970344 178.38983315127174 181.8772656708127 185.64746231598403 185.32258184458058 177.55036398425585 164.71435736759233 154.71258400366455 176.31761841717355 177.0230018352454 177.520943901518 176.59657817347508 173.58519441502872 168.94524850514065 164.18856668616314 161.17836992238983
183.70658652188536 180.27456674877038 178.55947395835375 181.28684322340374 183.7787864253601 178.85248704310828 166.31347224976773 155.22778382935093 153.19344631428476 167.10611183775592 182.88058701980023 188.1466453531637 181.05892226426647 169.4999001011615 161.4801182570811 158.56770328408385
183.70658652188536 180.27456674877038 178.55947395835375 181.28684322340374 183.7787864253601 178.85248704310828 166.31347224976773 155.22778382935093 149.04442442177853 163.89251436197395 181.1327391620313 187.80022641257838 181.5735673637461 170.20415516905257 161.93635215049076 158.74754264544558
183.70658652188536 180.27456674877038 178.55947395835375 181.28684322340374 183.7787864253601 178.85248704310828 166.31347224976773 155.22778382935093 142.99302797166627 158.9477648955232 177.96763093766884 186.44180429474255 181.5086488810549 170.72263364731276 162.5044797704631 159.1990281035042
183.70658652188536 180.27456674877038 178.55947395835375 181.28684322340374 183.7787864253601 178.85248704310828 166.31347224976773 155.22778382935093 138.24447697680714 154.42925985416716 173.95832896322133 183.26232378669957 179.43740901395407 169.8693340043347 162.7092660053699 160.02197904963234
183.70658652188536 180.27456674877038 178.55947395835375 181.28684322340374 183.7787864253601 178.85248704310828 166.31347224976773 155.22778382935093 137.13669164318966 152.01810507086108 169.77970661899582 178.02750859366265 174.6593166258494 166.99134816805758 162.2446513149926 161.2102943102054
183.70658652188536 180.27456674877038 178.55947395835375 181.28684322340374 183.7787864253601 178.85248704310828 166.31347224976773 155.22778382935093 139.83832224575815 152.08137700419084 166.0679212775948 171.53431187505373 167.9017929693145 162.52682339304818 161.18136907419847 162.58306365890593
183.70658652188536 180.27456674877038 178.55947395835375 181.28684322340374 183.7787864253601 178.85248704310828 166.31347224976773 155.22778382935093 144.3230736528706 153.61623867510934 163.3235651107183 165.48958735037994 161.20946839447643 157.93825831280725 159.9561770578167 163.8121097587247
183.70658652188536 180.27456674877038 178.55947395835375 181.28684322340374 183.7787864253601 178.85248704310828 166.31347224976773 155.22778382935093 147.62423335779198 154.98441817401317 161.87323388599586 161.82945219922868 157.03782970452198 155.03128824866698 159.1443424755254 164.5417675226588
184.025773436471 182.38260938850448 181.24488784930085 181.43144764294908 180.36777459362378 174.81408290179567 165.5584198603991 158.17500432695624 148.7238366577492 154.4363952828362 157.98141962136967 154.2210533176932 148.3041399100436 149.99960527368862 161.2603407501727 172.4287310425812
182.3006826377572 180.9201480259078 180.2677024080314 181.08830574823205 180.7109164883408 175.79126834306513 167.0208812229958 159.90009512567005 153.8474071209328 154.60971613150082 153.7893266665969 150.8225510675166 149.3017827164189 153.56832113429996 162.9773824530863 170.97300548061574
179.86103583389107 178.85191533247695 178.88575350403462 180.60302982690482 181.19619240966804 177.1732172470619 169.08911391642664 162.3397419295362 161.27689795216634 154.84545837006428 147.78325811440973 146.19215984636784 151.2301461470365 159.14086071823604 165.5162530469674 168.5866263041068
178.13594503517726 177.38945396988026 177.90856806276517 180.25988793218778 181.53933430438508 178.15040268833135 170.55157527902333 164.06483272825 166.99958838569358 154.98821304690264 143.33818665373676 143.36716703128394 153.91580578103614 164.42411249421943 167.59409152944366 166.06204252628885
178.13594503517726 177.38945396988026 177.90856806276517 180.25988793218778 181.53933430438508 178.15040268833135 170.55157527902333 164.06483272825 168.10661774193215 154.93173412582772 142.87074332620378 144.42687428885242 157.0348541761896 167.5921617741548 168.26075704951145 164.08705006872356
179.86103583389107 178.85191533247695 178.88575350403462 180.60302982690482 181.19619240966804 177.1732172470619 169.08911391642664 162.3397419295362 164.4294508366409 154.6846200105904 146.4520921410435 149.2099507953787 160.112444488579 168.16270177361034 167.41475582507854 162.96232362972415
182.3006826377572 180.9201480259078 180.2677024080314 181.08830574823205 180.7109164883408 175.79126834306513 167.0208812229958 159.90009512567005 158.56553593494507 154.3690045158545 151.79709599979267 155.33899439232596 162.59508160008548 167.0704604476252 165.81869265124385 162.5556416871597
184.025773436471 182.38260938850448 181.24488784930085 181.43144764294908 180.36777459362378 174.81408290179567 165.5584198603991 158.17500432695624 154.28924905931018 154.15245657244344 155.6314233205326 159.5485614637596 163.98465508485054 165.92646453170872 164.61189464724828 162.49977346401272
187.49761986863695 177.84317496052765 175.0228146605108 181.6680890081688 182.29225276437052 171.1972756265522 160.2589738243424 156.86427743075677 152.01408998557676 154.59257407559625 158.55155488816 162.14925420602324 164.03251838248056 163.91463751849864 162.6189944458123 161.48189835398662
186.59115416111746 177.66479629458956 175.4016896908385 181.74538051128542 181.58146853254547 170.18490786751607 159.80385976157208 157.13725040956786 151.96724912140266 154.3917599346633 158.1888556410545 161.81481501254618 164.03480247717576 164.51084506768996 163.85328574207625 163.1278797743594
184.91622393291632 177.33519549759592 176.10175946263738 181.88819658681845 180.26811052491573 168.31429616362047 158.96291862646902 157.64163870567225 152.62860384745574 154.6547473319221 157.94232917265535 161.3456195863252 163.89025530862892 165.1888386180261 165.49991512707393 165.42135150726762
182.72782212799672 176.90455130305023 177.01644469929917 182.07479478189885 178.5521255925228 165.87022418964617 157.86417608370218 158.30065377327935 154.95516680175945 156.23817180279633 158.4486446352275 161.02348787097088 163.41049367969254 165.2462620652761 166.41152522100253 166.95545537187962
180.35911308324597 176.43842538577277 178.00649286518453 182.27676721284254 176.6947568858815 163.22477974806318 156.674905725282 159.01396654233247 159.34064522231097 159.53501487192625 160.05437444267235 161.0462291252398 162.5197893240969 164.25071885682414 165.815288104275 166.74873260405008
178.1707112783264 176.00778119122708 178.92117810184632 182.46336540792296 174.97877195348858 160.78070777408888 155.57616318251516 159.67298160993954 165.11738977404224 164.04336206799385 162.51506078778343 161.41038119931957 161.35374390572647 162.35377142153524 163.80197547301023 164.83265487123447
176.49578105012523 175.67818039423344 179.6212478736452 182.606181483456 173.66541394585883 158.91009607019328 154.7352220474121 160.17736990604396 170.65803810782765 168.44281485211434 165.03243212737783 161.91173761575303 160.23864489452515 160.26786716387784 161.31213947114622 162.2468329964104
175.58931534260574 175.49980172829535 180.0001229039729 182.6834729865726 172.95462971403379 157.89772831115715 154.28010798464177 160.45034288485505 174.06137884108117 171.16692343637476 166.62410376281122 162.26358221171003 159.55464519978628 158.90970383053025 159.62150804221682 160.44263281935557
176.37003445567944 179.50164941043326 179.4039156330622 171.84855616431673 160.99072602394506 155.28687218248163 157.80756277402298 162.79068335605888 167.7428998505049 173.02083634275974 171.6866369508016 163.9434214375086 162.05657856249147 166.31336304919844 164.97916365724032 158.25710014949516
177.9741787129842 179.78516010449255 177.87776425188366 169.1909519999407 158.68268236083082 154.75618488754515 159.58089075607873 166.15218692624438 168.18223967872507 173.39329066475887 171.93550297236214 164.03081156282403 161.96918843717603 166.0644970276379 164.6067093352412 157.817760321275
180.0711598007241 179.9498587052648 175.41696505692087 165.14743081927205 155.2850647651425 154.13476348184062 162.4984127559738 171.49634461486147 168.99403382894437 174.08149651453957 172.3953474196767 164.19228745906912 161.80771254093094 165.60465258032335 163.9185034854605 157.0059661710557
181.11547949796608 179.46274119268668 172.90408256949897 161.55983392696237 152.54138157584896 154.02514389227977 165.60803234553467 176.7833049992227 170.0546940007242 174.9806807900743 172.99616314414197 164.40326588482316 161.5967341151769 165.00383685585808 163.01931920992575 155.94530599927586
180.08105859228772 178.03880593811033 171.08084122319818 159.84143143351793 151.73642469226905 154.8031755618758 168.07717727681577 180.34108528192542 171.20274429781946 175.9539508365387 173.64648139811618 164.6316272872893 161.36837271271077 164.35351860188388 162.04604916346136 154.7972557021806
177.12537828952966 175.89483417603978 170.2248129852687 160.25383454120828 152.99274150297555 156.35041022180738 169.52994261688423 181.62804566628662 172.2634044695993 176.85313511207343 174.24729712258144 164.84260571304333 161.15739428695673 163.7527028774186 161.14686488792663 153.73659553040076
173.56550512777716 173.71638702630446 170.10715954081348 161.86716761003203 155.25197815677961 158.07213456661043 170.1043188662717 181.31534910541131 173.0751986198186 177.54134096185413 174.707141569896 165.00408160928842 160.99591839071164 163.29285843010405 160.45865903814592 152.92480138018146
171.16964938508193 172.34304347087132 170.23786240912736 163.209563445656 156.94393449366538 159.19830152116637 170.22079259883503 180.67685267559682 173.51453844803876 177.91379528385326 174.95600759145654 165.09147173460386 160.9085282653962 163.04399240854352 160.0862047161468 152.4854615519613
173.82592270968547 183.35140009731708 169.18191626984577 154.49731550214725 158.7989521484827 157.5082715135623 162.28065119120785 185.20004871161763 188.28845611094283 179.4128846337843 169.71330334930641 166.06372751480265 166.83098460897295 165.0948259362946 158.10122515254776 151.1390708372146
171.78408554661746 181.5721923703662 167.88798446422211 153.837427243076 158.82534767884553 158.16871059047756 163.42636618945033 186.60839314597723 185.41775233491873 176.93099772200537 167.94985632307012 165.23896743550637 167.02225195956083 166.2247802338225 159.94961933561828 153.3762818845303
168.75916777670295 178.91868871088698 165.92076459417697 152.7668803557004 158.7253526341244 158.96538852842596 164.9093279168328 188.462768983795 183.99708645992584 175.63751314902555 166.89137215378636 164.48752609042293 166.60315137254753 166.1127224710095 160.07256197650136 153.62640582742645
166.2693836093329 176.69153397963404 164.17888578425126 151.65904509232712 158.30380116018517 159.17788060103916 165.60709591077324 189.42316641385256 186.72992369277264 177.8378830529874 168.1078707239726 164.41853481369446 165.1427559119635 163.36683716351075 156.342805335227 149.36418185726714
165.44168547148408 175.86383584178523 163.35118764640245 150.8313469544783 157.47610302233636 158.35018246319035 164.77939777292443 188.59546827600374 190.5338339625183 180.93667292831154 169.90376799857216 164.51212086897579 163.39377358098454 159.91554361321357 151.58861918420524 143.90487531182387
166.40208290154163 176.56160383572566 163.56367971901565 150.4097954805391 156.36826775896307 156.60830365326464 162.5522430416715 186.10568410863368 189.81648959793748 180.21212010708 169.1658956862195 163.75684580281325 162.61966190983458 159.12402918825373 150.78378526812426 143.09283293909218
168.2564587393594 178.04456556310814 164.36035765696406 150.30980043581795 155.29772087158747 154.6410837832195 159.89873938219228 183.08076633871917 183.5165301152123 174.7821701472385 165.3435137089422 162.03485261507535 163.17111316547573 161.7758692334343 155.04319329586903 148.2222504897206
169.664803173719 179.19028056135062 165.0207967338793 150.33619596618078 154.63783261251623 153.34715197759584 158.1195316552414 181.03892917565116 177.1956447417606 169.3753605102662 161.625695800167 160.523808746345 164.04866430549768 164.8601944135011 159.81651020413292 153.90964313446392
168.01947704144126 174.01854486019204 158.09483259660834 147.07059132972728 157.33096419712712 157.78722590119872 158.09939664200093 175.57896743170446 178.79867097847693 164.44182515095673 156.13961745687428 161.17401492934968 165.94212801039035 162.9146139483224 160.1817043719138 161.76294700985022
166.9904178700558 173.78445823660903 158.54158796972976 147.37723907188266 157.0243164549717 157.34047052807733 158.33348326558394 176.6080266030899 179.59824125657627 164.95856372862224 156.25637160791717 161.00793737995875 165.77605046099941 163.0313680993653 160.69844294957932 162.56251728794956
165.08896445768374 173.35192255588305 159.36708426026243 147.94385021721897 156.45770530963543 156.51497423754466 158.76601894630994 178.50948001546197 181.07565448605692 165.91337211975048 156.47210514888567 160.70106608257484 165.4691791636155 163.2471016403338 161.65325134070756 164.0399305174302
162.60459584964056 172.78678745445887 160.44564714111522 148.68416335520158 155.7173921716528 155.43641135669188 159.3311540477341 180.99384862350516 183.00598789551478 167.1608894021519 156.75397460379676 160.3001194104295 165.06823249147016 163.52897109524488 162.90076862310897 165.97026392688807
159.91553464564336 172.17508962856584 161.61307519087518 149.48547252152795 154.91608300532644 154.26898330693191 159.94285187362712 183.68290982750236 185.09536572187577 168.5111923783531 157.0590679032932 159.86613785976613 164.6342509408068 163.83406439474132 164.25107159931017 168.05964175324905
157.4311660376002 171.60995452714167 162.69163807172797 150.2257856595106 154.1757698673438 153.19042042607913 160.50798697505127 186.1672784355455 187.0256991313336 169.7587096607545 157.3409373582043 159.4651911876208 164.23330426866147 164.1159338496524 165.49858888171158 169.98997516270688
155.52971262522811 171.1774188464157 163.51713436226063 150.7923968048469 153.60915872200752 152.36492413554646 160.94052265577727 188.0687318479176 188.50311236081427 170.71351805188274 157.5566708991728 159.15831989023687 163.92643297127753 164.3316673906209 166.45339727283982 171.46738839218756
154.50065345384266 170.94333222283268 163.96388973538205 151.09904454700228 153.30251097985212 151.91816876242507 161.17460927936028 189.09779101930306 189.3026826389136 171.23025662954825 157.67342505021568 158.99224234084593 163.7603554218866 164.4484215416638 166.97013585050533 172.2669586702869
155.8221350699753 174.39051105857223 155.39265301032046 154.76970152991584 150.37098473783612 149.66960814934637 180.22498870982807 174.71493959033992 186.87668706557685 173.99654146952764 159.3620154045045 154.08381536473368 159.24125544984147 167.24572140104303 171.39572172492498 171.7982421198481
155.69954160610934 174.3348031009273 155.46053335311413 154.9990577689546 150.77512122750576 150.2352205352611 180.9141893961814 175.4710257829143 186.83320298005188 174.16900357821547 159.81087363937633 154.65402940379425 159.63668923827117 167.1968475927938 170.82327518961455 170.8760783778828
155.4730184219384 174.23186821719497 155.58595987184793 155.42285283875788 151.52186808979923 151.28033594862404 182.18766621201047 176.86809089918196 186.7528548668389 174.4876720029163 160.64025551177076 155.70764756347162 160.36735560545836 167.1065405705591 169.76553191475398 169.17214196423123
155.17705161881483 174.0973773103165 155.74983751603892 155.9765677816601 152.49753988420952 152.64584504174556 183.85154385620146 178.69344443961805 186.64787499781713 174.90403236470587 161.7238951499812 157.08426603002727 161.32201722050593 166.988548759839 168.38352372547408 166.9458417516498
154.85669945956838 173.9518054017009 155.92721739991353 156.57590451704277 153.55359942452446 154.12386143356858 185.65251204051467 180.66919287456213 186.53424560640022 175.35469757281788 162.89681824230777 158.57430712100557 162.35533550655197 166.86083534421718 166.8876488406573 164.53611176604235
154.5607326564448 173.81731449482243 156.09109504410452 157.129619459945 154.52927121893475 155.4893705266901 187.31638968470565 182.4945464149982 186.42926573737847 175.77105793460746 163.9804578805182 159.9509255875612 163.3099971215995 166.74284353349708 165.5056406513774 162.30981155346095
154.33420947227387 173.7143796110901 156.21652156283832 157.55341452974827 155.27601808122822 156.53448594005303 188.58986650053473 183.89161153126588 186.34891762416547 176.0897263593083 164.80983975291264 161.00454374723859 164.04066348878672 166.65253651126238 164.44789737651683 160.60587513980934
154.2116160084079 173.65867165344517 156.284401905632 157.78277076878703 155.68015457089786 157.10009832596776 189.27906718688806 184.64769772384025 186.3054335386405 176.2621884679961 165.25869798778447 161.57475778629916 164.43609727721642 166.60366270301316 163.8754508412064 159.68371139784404
