78.0 3.0 -3.0 3.0 -2.0 0.0 0.0 0.0 54.0 -7.0 1.0 -1.0 -1.0 0.0 0.0 0.0 65.0 -1.0 0.0 0.0 0.0 0.0 0.0 0.0 69.0 -3.0 0.0 0.0 0.0 0.0 0.0 0.0 64.0 4.0 0.0 1.0 0.0 0.0 0.0 0.0 72.0 -9.0 -7.0 -2.0 -1.0 0.0 0.0 0.0 80.0 -3.0 -5.0 2.0 0.0 0.0 0.0 0.0 45.0 15.0 1.0 2.0 1.0 0.0 0.0 0.0
1.0 -1.0 -1.0 0.0 0.0 0.0 0.0 0.0 1.0 0.0 0.0 0.0 0.0 0.0 0.0 0.0 1.0 0.0 0.0 0.0 0.0 0.0 0.0 0.0 -7.0 3.0 1.0 0.0 0.0 0.0 0.0 0.0 -1.0 -2.0 -2.0 -1.0 0.0 0.0 0.0 0.0 3.0 1.0 0.0 0.0 0.0 0.0 0.0 0.0 -2.0 10.0 -10.0 1.0 2.0 0.0 0.0 0.0 14.0 -3.0 -6.0 -2.0 -1.0 0.0 0.0 0.0
-1.0 -1.0 1.0 1.0 0.0 0.0 0.0 0.0 0.0 0.0 0.0 0.0 0.0 0.0 0.0 0.0 0.0 0.0 0.0 0.0 0.0 0.0 0.0 0.0 5.0 -2.0 -1.0 0.0 0.0 0.0 0.0 0.0 1.0 2.0 1.0 1.0 0.0 0.0 0.0 0.0 -1.0 1.0 1.0 0.0 0.0 0.0 0.0 0.0 -2.0 1.0 2.0 -4.0 2.0 0.0 0.0 0.0 2.0 -5.0 2.0 3.0 1.0 0.0 0.0 0.0
1.0 0.0 0.0 0.0 0.0 0.0 0.0 0.0 0.0 0.0 0.0 0.0 0.0 0.0 0.0 0.0 0.0 0.0 0.0 0.0 0.0 0.0 0.0 0.0 -2.0 1.0 0.0 0.0 0.0 0.0 0.0 0.0 -1.0 -1.0 -1.0 0.0 0.0 0.0 0.0 0.0 0.0 0.0 0.0 0.0 0.0 0.0 0.0 0.0 1.0 0.0 1.0 -1.0 0.0 1.0 0.0 0.0 0.0 -2.0 2.0 -1.0 -1.0 0.0 0.0 0.0
0.0 0.0 0.0 0.0 0.0 0.0 0.0 0.0 0.0 0.0 0.0 0.0 0.0 0.0 0.0 0.0 0.0 0.0 0.0 0.0 0.0 0.0 0.0 0.0 0.0 0.0 0.0 0.0 0.0 0.0 0.0 0.0 1.0 1.0 0.0 0.0 0.0 0.0 0.0 0.0 0.0 0.0 0.0 0.0 0.0 0.0 0.0 0.0 0.0 1.0 0.0 0.0 0.0 0.0 0.0 0.0 1.0 0.0 1.0 -1.0 0.0 0.0 0.0 0.0
0.0 0.0 0.0 0.0 0.0 0.0 0.0 0.0 0.0 0.0 0.0 0.0 0.0 0.0 0.0 0.0 0.0 0.0 0.0 0.0 0.0 0.0 0.0 0.0 1.0 0.0 0.0 0.0 0.0 0.0 0.0 0.0 0.0 0.0 0.0 0.0 0.0 0.0 0.0 0.0 0.0 0.0 0.0 0.0 0.0 0.0 0.0 0.0 0.0 0.0 0.0 0.0 0.0 0.0 0.0 0.0 0.0 0.0 0.0 0.0 0.0 0.0 0.0 0.0
0.0 0.0 0.0 0.0 0.0 0.0 0.0 0.0 0.0 0.0 0.0 0.0 0.0 0.0 0.0 0.0 0.0 0.0 0.0 0.0 0.0 0.0 0.0 0.0 0.0 0.0 0.0 0.0 0.0 0.0 0.0 0.0 0.0 0.0 0.0 0.0 0.0 0.0 0.0 0.0 0.0 0.0 0.0 0.0 0.0 0.0 0.0 0.0 0.0 0.0 0.0 0.0 0.0 0.0 0.0 0.0 0.0 0.0 0.0 0.0 0.0 0.0 0.0 0.0
0.0 0.0 0.0 0.0 0.0 0.0 0.0 0.0 0.0 0.0 0.0 0.0 0.0 0.0 0.0 0.0 0.0 0.0 0.0 0.0 0.0 0.0 0.0 0.0 0.0 0.0 0.0 0.0 0.0 0.0 0.0 0.0 0.0 0.0 0.0 0.0 0.0 0.0 0.0 0.0 0.0 0.0 0.0 0.0 0.0 0.0 0.0 0.0 0.0 0.0 0.0 0.0 0.0 0.0 0.0 0.0 0.0 0.0 0.0 0.0 0.0 0.0 0.0 0.0
65.0 -13.0 -5.0 9.0 0.0 0.0 -1.0 0.0 51.0 -8.0 0.0 -2.0 0.0 0.0 0.0 0.0 61.0 -2.0 4.0 0.0 1.0 0.0 0.0 0.0 81.0 -16.0 0.0 0.0 0.0 0.0 0.0 0.0 92.0 12.0 -7.0 1.0 0.0 0.0 0.0 0.0 62.0 8.0 -15.0 -1.0 3.0 0.0 1.0 0.0 62.0 22.0 -11.0 -4.0 0.0 0.0 0.0 0.0 43.0 -22.0 4.0 1.0 1.0 0.0 0.0 0.0
4.0 5.0 3.0 2.0 1.0 0.0 0.0 0.0 0.0 1.0 0.0 0.0 0.0 0.0 0.0 0.0 0.0 1.0 -1.0 -1.0 -1.0 0.0 0.0 0.0 -2.0 0.0 1.0 0.0 0.0 0.0 0.0 0.0 -13.0 12.0 -2.0 -1.0 0.0 0.0 0.0 0.0 2.0 -10.0 1.0 -3.0 -2.0 0.0 -1.0 0.0 6.0 -13.0 3.0 6.0 0.0 0.0 0.0 1.0 -16.0 11.0 4.0 -2.0 0.0 0.0 0.0 0.0
2.0 2.0 1.0 0.0 0.0 0.0 0.0 0.0 0.0 -1.0 0.0 0.0 0.0 0.0 0.0 0.0 1.0 0.0 0.0 0.0 0.0 0.0 0.0 0.0 1.0 0.0 -2.0 -1.0 0.0 0.0 0.0 0.0 -4.0 -1.0 4.0 -2.0 0.0 0.0 0.0 0.0 5.0 0.0 5.0 1.0 1.0 0.0 0.0 0.0 7.0 -1.0 3.0 -3.0 0.0 1.0 0.0 0.0 0.0 5.0 -5.0 0.0 1.0 0.0 0.0 0.0
0.0 0.0 0.0 0.0 0.0 0.0 0.0 0.0 0.0 0.0 0.0 0.0 0.0 0.0 0.0 0.0 1.0 0.0 0.0 0.0 0.0 0.0 0.0 0.0 0.0 -1.0 0.0 1.0 0.0 0.0 0.0 0.0 0.0 -2.0 3.0 -1.0 0.0 0.0 0.0 0.0 -2.0 0.0 -2.0 1.0 -1.0 0.0 0.0 0.0 -3.0 -4.0 1.0 -2.0 0.0 0.0 0.0 0.0 -1.0 0.0 0.0 1.0 0.0 0.0 0.0 0.0
0.0 0.0 0.0 0.0 0.0 0.0 0.0 0.0 0.0 0.0 0.0 0.0 0.0 0.0 0.0 0.0 0.0 0.0 0.0 0.0 0.0 0.0 0.0 0.0 0.0 0.0 0.0 0.0 0.0 0.0 0.0 0.0 -1.0 0.0 0.0 1.0 -1.0 0.0 0.0 0.0 1.0 0.0 0.0 0.0 0.0 0.0 0.0 0.0 2.0 1.0 1.0 0.0 1.0 0.0 0.0 0.0 1.0 1.0 0.0 0.0 0.0 0.0 0.0 0.0
0.0 0.0 0.0 0.0 0.0 0.0 0.0 0.0 0.0 0.0 0.0 0.0 0.0 0.0 0.0 0.0 0.0 0.0 0.0 0.0 0.0 0.0 0.0 0.0 0.0 0.0 0.0 0.0 0.0 0.0 0.0 0.0 0.0 0.0 0.0 0.0 0.0 0.0 0.0 0.0 0.0 0.0 0.0 0.0 0.0 0.0 0.0 0.0 0.0 0.0 0.0 0.0 0.0 0.0 0.0 0.0 0.0 0.0 0.0 0.0 0.0 0.0 0.0 0.0
0.0 0.0 0.0 0.0 0.0 0.0 0.0 0.0 0.0 0.0 0.0 0.0 0.0 0.0 0.0 0.0 0.0 0.0 0.0 0.0 0.0 0.0 0.0 0.0 0.0 0.0 0.0 0.0 0.0 0.0 0.0 0.0 0.0 0.0 0.0 0.0 0.0 0.0 0.0 0.0 0.0 0.0 0.0 0.0 0.0 0.0 0.0 0.0 0.0 0.0 0.0 0.0 0.0 0.0 0.0 0.0 0.0 0.0 0.0 0.0 0.0 0.0 0.0 0.0
0.0 0.0 0.0 0.0 0.0 0.0 0.0 0.0 0.0 0.0 0.0 0.0 0.0 0.0 0.0 0.0 0.0 0.0 0.0 0.0 0.0 0.0 0.0 0.0 0.0 0.0 0.0 0.0 0.0 0.0 0.0 0.0 0.0 0.0 0.0 0.0 0.0 0.0 0.0 0.0 0.0 0.0 0.0 0.0 0.0 0.0 0.0 0.0 0.0 0.0 0.0 0.0 0.0 0.0 0.0 0.0 0.0 0.0 0.0 0.0 0.0 0.0 0.0 0.0
66.0 -18.0 -7.0 7.0 -1.0 0.0 0.0 0.0 54.0 -15.0 9.0 -8.0 3.0 -2.0 1.0 0.0 64.0 0.0 7.0 3.0 1.0 0.0 0.0 0.0 73.0 -1.0 0.0 -1.0 0.0 0.0 0.0 0.0 83.0 -11.0 2.0 1.0 0.0 0.0 0.0 0.0 92.0 3.0 0.0 0.0 0.0 0.0 0.0 0.0 56.0 31.0 11.0 -9.0 0.0 1.0 1.0 0.0 74.0 -7.0 -7.0 -2.0 -1.0 0.0 0.0 0.0
-1.0 0.0 0.0 0.0 0.0 0.0 0.0 0.0 0.0 1.0 -1.0 1.0 -1.0 0.0 0.0 0.0 -5.0 -4.0 -2.0 -1.0 0.0 0.0 0.0 0.0 14.0 -6.0 -2.0 1.0 0.0 0.0 0.0 0.0 15.0 10.0 -2.0 -2.0 0.0 0.0 0.0 0.0 1.0 -6.0 5.0 0.0 0.0 0.0 0.0 0.0 11.0 17.0 -10.0 -2.0 0.0 1.0 0.0 -1.0 -6.0 -8.0 -5.0 -2.0 0.0 0.0 0.0 0.0
0.0 0.0 0.0 0.0 0.0 0.0 0.0 0.0 0.0 0.0 -1.0 0.0 0.0 0.0 0.0 0.0 -1.0 1.0 -1.0 0.0 0.0 0.0 0.0 0.0 -4.0 3.0 1.0 0.0 0.0 0.0 0.0 0.0 -2.0 -6.0 1.0 1.0 0.0 0.0 0.0 0.0 -7.0 7.0 1.0 -1.0 1.0 0.0 0.0 0.0 1.0 -4.0 1.0 1.0 1.0 0.0 -1.0 0.0 -3.0 -3.0 -1.0 0.0 0.0 0.0 0.0 0.0
0.0 0.0 0.0 0.0 0.0 0.0 0.0 0.0 0.0 0.0 0.0 0.0 0.0 0.0 0.0 0.0 0.0 1.0 0.0 0.0 0.0 0.0 0.0 0.0 2.0 -1.0 0.0 0.0 0.0 0.0 0.0 0.0 1.0 2.0 1.0 -1.0 0.0 0.0 0.0 0.0 1.0 -1.0 1.0 1.0 0.0 0.0 0.0 0.0 -1.0 -1.0 0.0 -1.0 0.0 -1.0 0.0 1.0 -1.0 -1.0 0.0 0.0 0.0 0.0 0.0 0.0
0.0 0.0 0.0 0.0 0.0 0.0 0.0 0.0 0.0 0.0 0.0 0.0 0.0 0.0 0.0 0.0 0.0 0.0 0.0 0.0 0.0 0.0 0.0 0.0 0.0 0.0 0.0 0.0 0.0 0.0 0.0 0.0 1.0 0.0 -1.0 0.0 0.0 0.0 0.0 0.0 -2.0 1.0 1.0 -1.0 0.0 0.0 0.0 0.0 0.0 0.0 0.0 1.0 0.0 0.0 0.0 0.0 0.0 0.0 0.0 0.0 0.0 0.0 0.0 0.0
0.0 0.0 0.0 0.0 0.0 0.0 0.0 0.0 0.0 0.0 0.0 0.0 0.0 0.0 0.0 0.0 0.0 0.0 0.0 0.0 0.0 0.0 0.0 0.0 0.0 0.0 0.0 0.0 0.0 0.0 0.0 0.0 -1.0 -1.0 0.0 0.0 0.0 0.0 0.0 0.0 0.0 0.0 0.0 0.0 0.0 0.0 0.0 0.0 0.0 0.0 0.0 0.0 0.0 0.0 0.0 0.0 0.0 0.0 0.0 0.0 0.0 0.0 0.0 0.0
0.0 0.0 0.0 0.0 0.0 0.0 0.0 0.0 0.0 0.0 0.0 0.0 0.0 0.0 0.0 0.0 0.0 0.0 0.0 0.0 0.0 0.0 0.0 0.0 0.0 0.0 0.0 0.0 0.0 0.0 0.0 0.0 1.0 0.0 0.0 0.0 0.0 0.0 0.0 0.0 0.0 0.0 0.0 0.0 0.0 0.0 0.0 0.0 0.0 0.0 0.0 0.0 0.0 0.0 0.0 0.0 0.0 0.0 0.0 0.0 0.0 0.0 0.0 0.0
0.0 0.0 0.0 0.0 0.0 0.0 0.0 0.0 0.0 0.0 0.0 0.0 0.0 0.0 0.0 0.0 0.0 0.0 0.0 0.0 0.0 0.0 0.0 0.0 0.0 0.0 0.0 0.0 0.0 0.0 0.0 0.0 0.0 0.0 0.0 0.0 0.0 0.0 0.0 0.0 0.0 0.0 0.0 0.0 0.0 0.0 0.0 0.0 0.0 0.0 0.0 0.0 0.0 0.0 0.0 0.0 0.0 0.0 0.0 0.0 0.0 0.0 0.0 0.0
67.0 -18.0 -4.0 8.0 -1.0 0.0 0.0 0.0 51.0 -8.0 0.0 -2.0 0.0 0.0 0.0 0.0 56.0 18.0 3.0 2.0 0.0 0.0 0.0 0.0 43.0 -15.0 8.0 -1.0 1.0 0.0 0.0 0.0 82.0 -14.0 -1.0 -2.0 0.0 0.0 0.0 0.0 63.0 27.0 14.0 6.0 -6.0 0.0 1.0 -1.0 49.0 -29.0 8.0 3.0 0.0 0.0 0.0 0.0 78.0 3.0 0.0 0.0 0.0 0.0 0.0 0.0
1.0 1.0 -1.0 0.0 0.0 0.0 0.0 0.0 -2.0 1.0 0.0 0.0 0.0 0.0 0.0 0.0 15.0 -1.0 3.0 3.0 0.0 0.0 -1.0 0.0 -9.0 16.0 0.0 -1.0 1.0 0.0 0.0 0.0 0.0 -3.0 -7.0 -2.0 0.0 0.0 0.0 0.0 7.0 -8.0 0.0 3.0 1.0 -1.0 -1.0 0.0 -8.0 3.0 7.0 -3.0 -1.0 0.0 0.0 0.0 2.0 0.0 0.0 0.0 0.0 0.0 0.0 0.0
0.0 0.0 0.0 0.0 0.0 0.0 0.0 0.0 1.0 -1.0 1.0 -1.0 0.0 0.0 0.0 0.0 0.0 -3.0 2.0 0.0 0.0 0.0 0.0 0.0 5.0 0.0 0.0 3.0 -1.0 0.0 0.0 0.0 -6.0 -5.0 -1.0 1.0 0.0 0.0 0.0 0.0 3.0 -8.0 2.0 -1.0 1.0 1.0 -1.0 0.0 0.0 2.0 0.0 -1.0 1.0 1.0 0.0 0.0 -1.0 1.0 0.0 0.0 0.0 0.0 0.0 0.0
0.0 0.0 0.0 0.0 0.0 0.0 0.0 0.0 1.0 0.0 0.0 0.0 0.0 0.0 0.0 0.0 -1.0 1.0 0.0 -1.0 0.0 0.0 0.0 0.0 2.0 -1.0 3.0 -1.0 0.0 0.0 0.0 0.0 2.0 -1.0 0.0 1.0 0.0 0.0 0.0 0.0 5.0 0.0 1.0 -2.0 -1.0 0.0 0.0 0.0 0.0 1.0 1.0 1.0 0.0 0.0 0.0 0.0 -1.0 0.0 0.0 0.0 0.0 0.0 0.0 0.0
0.0 0.0 0.0 0.0 0.0 0.0 0.0 0.0 1.0 0.0 0.0 0.0 0.0 0.0 0.0 0.0 -1.0 0.0 0.0 0.0 0.0 0.0 0.0 0.0 1.0 0.0 0.0 0.0 0.0 0.0 0.0 0.0 -2.0 -1.0 1.0 0.0 0.0 0.0 0.0 0.0 0.0 -1.0 1.0 0.0 0.0 0.0 0.0 0.0 0.0 1.0 0.0 0.0 0.0 0.0 0.0 0.0 0.0 0.0 0.0 0.0 0.0 0.0 0.0 0.0
0.0 0.0 0.0 0.0 0.0 0.0 0.0 0.0 0.0 0.0 0.0 0.0 0.0 0.0 0.0 0.0 0.0 0.0 0.0 0.0 0.0 0.0 0.0 0.0 0.0 0.0 0.0 0.0 0.0 0.0 0.0 0.0 0.0 0.0 0.0 0.0 0.0 0.0 0.0 0.0 1.0 1.0 0.0 -1.0 0.0 0.0 0.0 0.0 0.0 0.0 0.0 0.0 0.0 0.0 0.0 0.0 0.0 0.0 0.0 0.0 0.0 0.0 0.0 0.0
0.0 0.0 0.0 0.0 0.0 0.0 0.0 0.0 0.0 0.0 0.0 0.0 0.0 0.0 0.0 0.0 0.0 0.0 0.0 0.0 0.0 0.0 0.0 0.0 0.0 0.0 0.0 0.0 0.0 0.0 0.0 0.0 0.0 0.0 0.0 0.0 0.0 0.0 0.0 0.0 0.0 0.0 0.0 0.0 0.0 0.0 0.0 0.0 0.0 0.0 0.0 0.0 0.0 0.0 0.0 0.0 0.0 0.0 0.0 0.0 0.0 0.0 0.0 0.0
0.0 0.0 0.0 0.0 0.0 0.0 0.0 0.0 0.0 0.0 0.0 0.0 0.0 0.0 0.0 0.0 0.0 0.0 0.0 0.0 0.0 0.0 0.0 0.0 0.0 0.0 0.0 0.0 0.0 0.0 0.0 0.0 0.0 0.0 0.0 0.0 0.0 0.0 0.0 0.0 0.0 0.0 0.0 0.0 0.0 0.0 0.0 0.0 0.0 0.0 0.0 0.0 0.0 0.0 0.0 0.0 0.0 0.0 0.0 0.0 0.0 0.0 0.0 0.0
62.0 -26.0 -1.0 10.0 -1.0 -1.0 0.0 0.0 51.0 -2.0 -3.0 -3.0 -1.0 0.0 0.0 0.0 36.0 2.0 -5.0 5.0 2.0 0.0 0.0 0.0 60.0 -14.0 -6.0 2.0 -1.0 0.0 0.0 0.0 75.0 -9.0 10.0 -6.0 0.0 0.0 0.0 1.0 47.0 12.0 16.0 2.0 -5.0 2.0 -1.0 1.0 64.0 -21.0 -16.0 -4.0 0.0 0.0 0.0 0.0 83.0 -10.0 -2.0 0.0 0.0 0.0 0.0 0.0
3.0 3.0 0.0 -1.0 0.0 0.0 0.0 0.0 3.0 -6.0 0.0 2.0 -1.0 1.0 0.0 0.0 0.0 5.0 -1.0 -1.0 1.0 0.0 0.0 1.0 -1.0 -4.0 -14.0 1.0 0.0 1.0 0.0 0.0 -8.0 -9.0 -3.0 1.0 -1.0 1.0 0.0 1.0 -5.0 -5.0 -3.0 1.0 0.0 0.0 0.0 -1.0 -5.0 -7.0 0.0 2.0 2.0 0.0 0.0 0.0 -10.0 7.0 3.0 0.0 0.0 0.0 0.0 0.0
0.0 0.0 0.0 0.0 0.0 0.0 0.0 0.0 2.0 -5.0 4.0 0.0 -1.0 0.0 0.0 0.0 0.0 -1.0 2.0 -1.0 0.0 0.0 0.0 0.0 -4.0 -1.0 0.0 7.0 2.0 0.0 0.0 0.0 -6.0 -5.0 0.0 1.0 0.0 0.0 0.0 0.0 -3.0 -3.0 0.0 0.0 0.0 0.0 0.0 0.0 0.0 0.0 1.0 1.0 0.0 0.0 0.0 0.0 0.0 3.0 -2.0 -1.0 0.0 0.0 0.0 0.0
0.0 0.0 0.0 0.0 0.0 0.0 0.0 0.0 0.0 -1.0 1.0 -1.0 1.0 0.0 0.0 0.0 -1.0 0.0 1.0 1.0 -1.0 0.0 0.0 0.0 1.0 1.0 2.0 1.0 -1.0 -1.0 0.0 0.0 -1.0 -1.0 1.0 1.0 0.0 0.0 0.0 0.0 0.0 0.0 -1.0 0.0 0.0 0.0 0.0 0.0 0.0 0.0 0.0 0.0 0.0 0.0 0.0 0.0 0.0 0.0 -1.0 1.0 0.0 0.0 0.0 0.0
0.0 0.0 0.0 0.0 0.0 0.0 0.0 0.0 0.0 1.0 0.0 0.0 1.0 0.0 0.0 0.0 1.0 1.0 0.0 0.0 1.0 0.0 0.0 0.0 0.0 -1.0 0.0 0.0 0.0 0.0 0.0 0.0 -1.0 -1.0 0.0 0.0 0.0 0.0 0.0 0.0 0.0 0.0 0.0 0.0 0.0 0.0 0.0 0.0 0.0 0.0 0.0 0.0 0.0 0.0 0.0 0.0 1.0 0.0 0.0 0.0 0.0 0.0 0.0 0.0
0.0 0.0 0.0 0.0 0.0 0.0 0.0 0.0 0.0 0.0 0.0 0.0 0.0 0.0 0.0 0.0 1.0 0.0 0.0 0.0 0.0 0.0 0.0 0.0 1.0 0.0 0.0 0.0 0.0 0.0 0.0 0.0 0.0 0.0 0.0 0.0 0.0 0.0 0.0 0.0 0.0 0.0 0.0 0.0 0.0 0.0 0.0 0.0 0.0 0.0 0.0 0.0 0.0 0.0 0.0 0.0 0.0 0.0 0.0 0.0 0.0 0.0 0.0 0.0
0.0 0.0 0.0 0.0 0.0 0.0 0.0 0.0 0.0 0.0 0.0 0.0 0.0 0.0 0.0 0.0 0.0 0.0 0.0 0.0 0.0 0.0 0.0 0.0 0.0 0.0 0.0 0.0 0.0 0.0 0.0 0.0 0.0 0.0 0.0 0.0 0.0 0.0 0.0 0.0 0.0 0.0 0.0 0.0 0.0 0.0 0.0 0.0 0.0 0.0 0.0 0.0 0.0 0.0 0.0 0.0 0.0 0.0 0.0 0.0 0.0 0.0 0.0 0.0
0.0 0.0 0.0 0.0 0.0 0.0 0.0 0.0 0.0 0.0 0.0 0.0 0.0 0.0 0.0 0.0 0.0 0.0 0.0 0.0 0.0 0.0 0.0 0.0 0.0 0.0 0.0 0.0 0.0 0.0 0.0 0.0 0.0 0.0 0.0 0.0 0.0 0.0 0.0 0.0 0.0 0.0 0.0 0.0 0.0 0.0 0.0 0.0 0.0 0.0 0.0 0.0 0.0 0.0 0.0 0.0 0.0 0.0 0.0 0.0 0.0 0.0 0.0 0.0
61.0 -32.0 -8.0 7.0 0.0 0.0 0.0 0.0 43.0 2.0 7.0 -4.0 -2.0 0.0 0.0 0.0 48.0 6.0 -6.0 0.0 2.0 0.0 0.0 0.0 44.0 -20.0 3.0 1.0 1.0 0.0 0.0 0.0 71.0 -1.0 -1.0 2.0 -1.0 0.0 0.0 0.0 40.0 -6.0 15.0 -1.0 4.0 -1.0 0.0 0.0 73.0 2.0 -3.0 -1.0 -1.0 0.0 0.0 0.0 100.0 -8.0 -9.0 -4.0 -2.0 -1.0 -1.0 0.0
1.0 2.0 2.0 1.0 0.0 0.0 0.0 0.0 1.0 2.0 -2.0 0.0 0.0 0.0 1.0 0.0 1.0 -11.0 6.0 3.0 0.0 -1.0 1.0 1.0 8.0 -4.0 -1.0 2.0 1.0 0.0 0.0 0.0 4.0 -3.0 6.0 -3.0 1.0 0.0 0.0 0.0 4.0 9.0 5.0 3.0 -1.0 1.0 -1.0 0.0 0.0 -2.0 -1.0 -1.0 0.0 0.0 0.0 0.0 -2.0 -4.0 0.0 0.0 0.0 0.0 0.0 0.0
0.0 0.0 0.0 0.0 0.0 0.0 0.0 0.0 -1.0 -2.0 -1.0 0.0 1.0 0.0 0.0 0.0 -5.0 -1.0 9.0 -2.0 0.0 0.0 0.0 0.0 -2.0 3.0 1.0 0.0 1.0 0.0 0.0 0.0 1.0 3.0 -2.0 -1.0 0.0 0.0 0.0 0.0 2.0 1.0 0.0 0.0 -1.0 0.0 0.0 0.0 -1.0 -1.0 -1.0 0.0 0.0 0.0 0.0 0.0 -1.0 1.0 -1.0 1.0 0.0 0.0 0.0 0.0
0.0 0.0 0.0 0.0 0.0 0.0 0.0 0.0 2.0 -1.0 1.0 0.0 0.0 0.0 0.0 0.0 -1.0 0.0 0.0 -2.0 1.0 0.0 0.0 0.0 1.0 0.0 1.0 0.0 0.0 0.0 0.0 0.0 -2.0 1.0 2.0 -1.0 0.0 0.0 0.0 0.0 0.0 -1.0 0.0 -1.0 0.0 0.0 0.0 0.0 0.0 0.0 0.0 0.0 0.0 0.0 0.0 0.0 0.0 -1.0 0.0 0.0 0.0 0.0 0.0 0.0
0.0 0.0 0.0 0.0 0.0 0.0 0.0 0.0 0.0 1.0 0.0 0.0 0.0 0.0 0.0 0.0 -1.0 0.0 0.0 0.0 0.0 0.0 0.0 0.0 0.0 1.0 0.0 0.0 0.0 0.0 0.0 0.0 -2.0 1.0 0.0 0.0 0.0 0.0 0.0 0.0 0.0 0.0 0.0 0.0 0.0 0.0 0.0 0.0 0.0 0.0 0.0 0.0 0.0 0.0 0.0 0.0 0.0 0.0 0.0 0.0 0.0 0.0 0.0 0.0
0.0 0.0 0.0 0.0 0.0 0.0 0.0 0.0 0.0 0.0 0.0 0.0 0.0 0.0 0.0 0.0 -1.0 0.0 0.0 0.0 0.0 0.0 0.0 0.0 0.0 0.0 0.0 0.0 0.0 0.0 0.0 0.0 -1.0 0.0 0.0 0.0 0.0 0.0 0.0 0.0 0.0 0.0 0.0 0.0 0.0 0.0 0.0 0.0 0.0 0.0 0.0 0.0 0.0 0.0 0.0 0.0 0.0 0.0 0.0 0.0 0.0 0.0 0.0 0.0
0.0 0.0 0.0 0.0 0.0 0.0 0.0 0.0 0.0 0.0 0.0 0.0 0.0 0.0 0.0 0.0 0.0 0.0 0.0 0.0 0.0 0.0 0.0 0.0 0.0 0.0 0.0 0.0 0.0 0.0 0.0 0.0 0.0 0.0 0.0 0.0 0.0 0.0 0.0 0.0 0.0 0.0 0.0 0.0 0.0 0.0 0.0 0.0 0.0 0.0 0.0 0.0 0.0 0.0 0.0 0.0 0.0 0.0 0.0 0.0 0.0 0.0 0.0 0.0
0.0 0.0 0.0 0.0 0.0 0.0 0.0 0.0 0.0 0.0 0.0 0.0 0.0 0.0 0.0 0.0 0.0 0.0 0.0 0.0 0.0 0.0 0.0 0.0 0.0 0.0 0.0 0.0 0.0 0.0 0.0 0.0 0.0 0.0 0.0 0.0 0.0 0.0 0.0 0.0 0.0 0.0 0.0 0.0 0.0 0.0 0.0 0.0 0.0 0.0 0.0 0.0 0.0 0.0 0.0 0.0 0.0 0.0 0.0 0.0 0.0 0.0 0.0 0.0
64.0 -23.0 1.0 4.0 -6.0 -2.0 0.0 1.0 35.0 2.0 8.0 5.0 2.0 1.0 0.0 0.0 46.0 4.0 -14.0 -1.0 0.0 1.0 0.0 0.0 39.0 -16.0 5.0 -2.0 2.0 0.0 -1.0 1.0 76.0 -10.0 1.0 0.0 0.0 0.0 0.0 0.0 69.0 17.0 6.0 -8.0 4.0 -1.0 0.0 0.0 69.0 -3.0 6.0 -2.0 0.0 0.0 0.0 0.0 67.0 31.0 8.0 1.0 0.0 0.0 0.0 0.0
-4.0 -3.0 1.0 4.0 4.0 1.0 0.0 -1.0 6.0 -1.0 3.0 -1.0 0.0 0.0 -1.0 0.0 0.0 7.0 2.0 -2.0 0.0 0.0 0.0 0.0 -6.0 1.0 2.0 -1.0 -1.0 0.0 0.0 0.0 0.0 0.0 -2.0 1.0 -1.0 0.0 0.0 0.0 -21.0 -9.0 9.0 3.0 -1.0 0.0 1.0 -1.0 -9.0 7.0 -5.0 2.0 0.0 0.0 0.0 0.0 8.0 7.0 -8.0 -4.0 -1.0 0.0 0.0 0.0
-3.0 -5.0 -3.0 -1.0 0.0 0.0 0.0 0.0 1.0 0.0 0.0 -1.0 -1.0 0.0 -1.0 0.0 -1.0 1.0 1.0 -1.0 0.0 0.0 0.0 0.0 1.0 1.0 -1.0 0.0 0.0 0.0 0.0 0.0 -3.0 3.0 -2.0 1.0 0.0 0.0 0.0 0.0 -4.0 -10.0 -4.0 3.0 1.0 -1.0 0.0 0.0 1.0 -4.0 0.0 0.0 0.0 0.0 0.0 0.0 1.0 -1.0 -6.0 1.0 1.0 0.0 0.0 0.0
-1.0 -2.0 -2.0 -1.0 0.0 0.0 0.0 0.0 0.0 0.0 0.0 0.0 -1.0 0.0 0.0 0.0 0.0 1.0 0.0 0.0 0.0 0.0 0.0 0.0 -1.0 0.0 0.0 0.0 0.0 0.0 0.0 0.0 -2.0 2.0 -2.0 0.0 0.0 0.0 0.0 0.0 -2.0 -2.0 -3.0 -1.0 1.0 0.0 0.0 0.0 2.0 -2.0 0.0 0.0 0.0 0.0 0.0 0.0 3.0 0.0 -1.0 2.0 0.0 0.0 0.0 0.0
1.0 0.0 0.0 0.0 0.0 0.0 0.0 0.0 0.0 1.0 0.0 0.0 0.0 0.0 0.0 0.0 -1.0 0.0 0.0 0.0 0.0 0.0 0.0 0.0 0.0 1.0 0.0 0.0 0.0 0.0 0.0 0.0 -1.0 1.0 -1.0 0.0 0.0 0.0 0.0 0.0 0.0 -1.0 -1.0 -1.0 0.0 0.0 0.0 0.0 1.0 0.0 -1.0 0.0 0.0 0.0 0.0 0.0 1.0 -1.0 0.0 1.0 0.0 0.0 0.0 0.0
0.0 0.0 0.0 0.0 0.0 0.0 0.0 0.0 0.0 0.0 0.0 0.0 0.0 0.0 0.0 0.0 0.0 0.0 0.0 0.0 0.0 0.0 0.0 0.0 0.0 0.0 0.0 0.0 0.0 0.0 0.0 0.0 -1.0 1.0 0.0 0.0 0.0 0.0 0.0 0.0 0.0 0.0 0.0 0.0 0.0 0.0 0.0 0.0 1.0 0.0 0.0 0.0 0.0 0.0 0.0 0.0 0.0 0.0 0.0 0.0 0.0 0.0 0.0 0.0
0.0 0.0 0.0 0.0 0.0 0.0 0.0 0.0 0.0 0.0 0.0 0.0 0.0 0.0 0.0 0.0 0.0 0.0 0.0 0.0 0.0 0.0 0.0 0.0 0.0 0.0 0.0 0.0 0.0 0.0 0.0 0.0 0.0 0.0 0.0 0.0 0.0 0.0 0.0 0.0 0.0 0.0 0.0 0.0 0.0 0.0 0.0 0.0 0.0 0.0 0.0 0.0 0.0 0.0 0.0 0.0 0.0 0.0 0.0 0.0 0.0 0.0 0.0 0.0
0.0 0.0 0.0 0.0 0.0 0.0 0.0 0.0 0.0 0.0 0.0 0.0 0.0 0.0 0.0 0.0 0.0 0.0 0.0 0.0 0.0 0.0 0.0 0.0 0.0 0.0 0.0 0.0 0.0 0.0 0.0 0.0 0.0 0.0 0.0 0.0 0.0 0.0 0.0 0.0 0.0 0.0 0.0 0.0 0.0 0.0 0.0 0.0 0.0 0.0 0.0 0.0 0.0 0.0 0.0 0.0 0.0 0.0 0.0 0.0 0.0 0.0 0.0 0.0
68.0 -21.0 -10.0 -5.0 -7.0 0.0 1.0 1.0 31.0 0.0 4.0 3.0 2.0 1.0 1.0 0.0 35.0 4.0 -9.0 -2.0 1.0 0.0 0.0 0.0 55.0 -15.0 -2.0 -3.0 0.0 0.0 0.0 0.0 72.0 -3.0 2.0 -1.0 0.0 0.0 0.0 0.0 89.0 4.0 -18.0 5.0 -2.0 0.0 0.0 0.0 61.0 -13.0 2.0 3.0 -1.0 0.0 0.0 0.0 45.0 5.0 -3.0 3.0 1.0 0.0 0.0 0.0
-3.0 -2.0 3.0 1.0 -1.0 -1.0 0.0 1.0 -2.0 5.0 1.0 2.0 0.0 0.0 0.0 0.0 1.0 0.0 -4.0 1.0 -1.0 0.0 0.0 0.0 -7.0 -4.0 0.0 -2.0 1.0 0.0 0.0 0.0 0.0 -1.0 1.0 0.0 0.0 0.0 0.0 0.0 -1.0 8.0 -4.0 0.0 1.0 -1.0 1.0 0.0 11.0 -8.0 6.0 -2.0 1.0 0.0 0.0 0.0 5.0 2.0 5.0 2.0 0.0 1.0 0.0 0.0
-1.0 -2.0 -2.0 -1.0 0.0 0.0 0.0 0.0 1.0 -1.0 -1.0 -1.0 0.0 0.0 0.0 0.0 3.0 -2.0 2.0 1.0 0.0 0.0 0.0 0.0 1.0 2.0 -1.0 0.0 1.0 0.0 0.0 0.0 1.0 -1.0 0.0 0.0 0.0 0.0 0.0 0.0 1.0 -1.0 2.0 -2.0 1.0 0.0 0.0 0.0 4.0 4.0 -1.0 -4.0 1.0 0.0 0.0 0.0 3.0 3.0 2.0 0.0 1.0 0.0 0.0 0.0
1.0 1.0 1.0 1.0 0.0 0.0 0.0 0.0 0.0 -1.0 0.0 0.0 0.0 0.0 0.0 0.0 -1.0 0.0 -1.0 0.0 0.0 0.0 0.0 0.0 -1.0 -1.0 -1.0 1.0 1.0 0.0 0.0 0.0 0.0 0.0 0.0 0.0 0.0 0.0 0.0 0.0 0.0 0.0 0.0 0.0 0.0 0.0 0.0 0.0 0.0 4.0 -1.0 0.0 0.0 0.0 0.0 0.0 1.0 1.0 1.0 1.0 0.0 0.0 0.0 0.0
1.0 1.0 0.0 0.0 0.0 0.0 0.0 0.0 0.0 0.0 0.0 0.0 0.0 0.0 0.0 0.0 1.0 0.0 0.0 0.0 0.0 0.0 0.0 0.0 0.0 0.0 1.0 0.0 0.0 0.0 0.0 0.0 0.0 0.0 0.0 0.0 0.0 0.0 0.0 0.0 0.0 -1.0 0.0 0.0 0.0 0.0 0.0 0.0 1.0 -1.0 0.0 1.0 -1.0 0.0 0.0 0.0 0.0 0.0 0.0 -1.0 0.0 0.0 0.0 0.0
0.0 0.0 0.0 0.0 0.0 0.0 0.0 0.0 0.0 0.0 0.0 0.0 0.0 0.0 0.0 0.0 0.0 0.0 0.0 -1.0 0.0 0.0 0.0 0.0 0.0 0.0 0.0 0.0 0.0 0.0 0.0 0.0 0.0 0.0 0.0 0.0 0.0 0.0 0.0 0.0 0.0 0.0 0.0 0.0 0.0 0.0 0.0 0.0 0.0 -1.0 1.0 0.0 0.0 0.0 0.0 0.0 0.0 0.0 0.0 0.0 0.0 0.0 0.0 0.0
0.0 0.0 0.0 0.0 0.0 0.0 0.0 0.0 0.0 0.0 0.0 0.0 0.0 0.0 0.0 0.0 0.0 0.0 0.0 0.0 0.0 0.0 0.0 0.0 0.0 0.0 0.0 0.0 0.0 0.0 0.0 0.0 0.0 0.0 0.0 0.0 0.0 0.0 0.0 0.0 0.0 0.0 0.0 0.0 0.0 0.0 0.0 0.0 0.0 0.0 0.0 0.0 0.0 0.0 0.0 0.0 0.0 0.0 0.0 0.0 0.0 0.0 0.0 0.0
0.0 0.0 0.0 0.0 0.0 0.0 0.0 0.0 0.0 0.0 0.0 0.0 0.0 0.0 0.0 0.0 0.0 0.0 0.0 0.0 0.0 0.0 0.0 0.0 0.0 0.0 0.0 0.0 0.0 0.0 0.0 0.0 0.0 0.0 0.0 0.0 0.0 0.0 0.0 0.0 0.0 0.0 0.0 0.0 0.0 0.0 0.0 0.0 0.0 0.0 0.0 0.0 0.0 0.0 0.0 0.0 0.0 0.0 0.0 0.0 0.0 0.0 0.0 0.0
